32,5
33,4
34,8
35,8
36,8
37,8
38,10
39,3
40,5
41,5
42,8
43,8
44,3
45,8
46,3
47,8
48,8
49,8
50,8
51,8
52,8
53,8
54,8
55,8
56,8
57,8
58,3
59,3
60,8
61,8
62,8
63,7
64,11
65,10
66,10
67,11
68,10
69,9
70,9
71,11
72,10
73,4
74,9
75,10
76,9
77,12
78,10
79,11
80,10
81,11
82,10
83,10
84,9
85,10
86,10
87,12
88,10
89,9
90,9
91,5
92,8
93,5
94,7
95,5
96,7
97,8
98,8
99,8
100,8
101,8
102,5
103,7
104,8
105,3
106,4
107,7
108,3
109,12
110,8
111,8
112,8
113,8
114,6
115,7
116,6
117,8
118,8
119,10
120,7
121,8
122,7
123,4
124,4
125,4
126,7
127,7
128,7
129,7
130,7
131,7
132,7
133,7
134,7
135,7
136,7
137,7
138,7
139,7
140,7
141,7
142,7
143,7
144,7
145,7
146,7
147,7
148,7
149,7
150,7
151,7
152,7
153,7
154,7
155,7
156,7
157,7
158,7
159,7
160,8
161,7
162,7
163,7
164,7
165,7
166,9
167,8
168,7
169,8
170,8
171,8
172,8
173,8
174,7
175,8
176,10
177,10
178,9
179,10
180,10
181,10
182,9
183,10
184,9
185,10
186,9
187,11
188,9
189,10
190,10
191,9
192,9
193,10
194,10
195,10
196,7
197,10
198,10
199,9
200,10
201,8
202,10
203,8
204,9
205,10
206,10
207,10
208,7
209,11
210,8
211,10
212,11
213,10
214,8
215,9
216,8
217,11
218,9
219,9
220,9
221,9
222,4
223,4
224,7
225,7
226,7
227,7
228,7
229,7
230,7
231,7
232,7
233,7
234,7
235,7
236,7
237,7
238,7
239,7
240,7
241,7
242,7
243,7
244,7
245,7
246,7
247,7
248,7
249,7
250,7
251,7
252,7
253,8
254,8
255,8
33088,11
33089,11
33090,11
33091,11
33092,11
33093,8
33094,8
33095,8
33096,16
33097,16
33098,8
33099,8
33100,8
33101,8
33102,8
33103,8
33104,16
33105,16
33106,12
33107,12
33108,12
33109,11
33110,16
33111,16
33112,16
33113,16
33114,16
33115,15
33116,16
33117,8
33118,16
33119,16
33120,16
33121,16
33122,16
33123,16
33124,16
33125,8
33126,8
33127,8
33128,8
33129,8
33130,8
33131,8
33132,8
33133,8
33134,8
33135,8
33136,8
33137,8
33138,8
33139,8
33140,8
33141,8
33142,8
33143,8
33144,8
33145,8
33146,8
33147,16
33148,16
33149,16
33150,16
33152,16
33153,16
33154,16
33155,16
33156,16
33157,16
33158,16
33159,16
33160,16
33161,16
33162,16
33163,16
33164,16
33165,16
33166,16
33167,16
33168,16
33169,16
33170,16
33171,16
33172,16
33173,16
33174,16
33175,16
33176,16
33177,16
33178,16
33179,16
33180,16
33181,16
33182,16
33183,16
33184,16
33185,16
33186,16
33187,16
33188,16
33189,16
33190,16
33191,16
33192,16
33193,16
33194,16
33195,16
33196,16
33197,8
33198,8
33199,8
33200,8
33201,8
33202,8
33203,8
33204,8
33205,8
33206,8
33207,8
33208,16
33209,16
33210,16
33211,16
33212,16
33213,16
33214,16
33215,16
33216,8
33217,8
33218,8
33219,8
33220,8
33221,8
33222,8
33223,8
33224,16
33225,16
33226,16
33227,16
33228,16
33229,16
33230,16
33231,8
33232,8
33233,8
33234,8
33235,8
33236,8
33237,8
33238,8
33239,8
33240,8
33241,8
33242,16
33243,16
33244,16
33245,16
33246,16
33247,16
33248,16
33249,16
33250,16
33251,16
33252,16
33253,16
33254,16
33255,16
33256,16
33257,8
33258,8
33259,8
33260,8
33261,8
33262,8
33263,8
33264,16
33265,16
33266,16
33267,16
33268,16
33269,8
33270,8
33271,8
33272,8
33273,8
33274,8
33275,8
33276,16
33344,8
33345,8
33346,8
33347,8
33348,8
33349,8
33350,8
33351,8
33352,8
33353,8
33354,8
33355,8
33356,8
33357,8
33358,8
33359,11
33360,11
33361,11
33362,11
33363,11
33364,11
33365,11
33366,11
33367,11
33368,11
33369,8
33370,8
33371,8
33372,8
33373,8
33374,8
33375,8
33376,11
33377,12
33378,12
33379,12
33380,11
33381,10
33382,12
33383,12
33384,4
33385,10
33386,12
33387,10
33388,15
33389,12
33390,13
33391,11
33392,13
33393,12
33394,12
33395,10
33396,12
33397,11
33398,16
33399,10
33400,10
33401,10
33402,8
33403,8
33404,8
33405,8
33406,8
33408,8
33409,9
33410,10
33411,9
33412,10
33413,9
33414,5
33415,9
33416,10
33417,4
33418,4
33419,10
33420,4
33421,15
33422,10
33423,10
33424,10
33425,10
33426,6
33427,9
33428,5
33429,10
33430,8
33431,12
33432,8
33433,8
33434,8
33435,8
33436,8
33437,8
33438,8
33439,12
33440,15
33441,13
33442,15
33443,10
33444,11
33445,12
33446,14
33447,13
33448,15
33449,16
33450,16
33451,14
33452,14
33453,9
33454,13
33455,15
33456,16
33457,13
33458,14
33459,12
33460,14
33461,12
33462,12
33463,15
33464,16
33465,16
33466,16
33467,15
33468,15
33469,15
33470,15
33471,14
33472,14
33473,13
33474,15
33475,15
33476,14
33477,14
33478,12
33479,14
33480,14
33481,15
33482,16
33483,16
33484,16
33485,16
33486,16
33487,16
33488,15
33489,15
33490,15
33491,16
33492,16
33493,16
33494,16
33495,16
33496,16
33497,16
33498,16
33499,16
33500,14
33501,16
33502,16
33503,16
33504,13
33505,14
33506,16
33507,14
33508,16
33509,12
33510,14
33511,13
33512,12
33513,14
33514,16
33515,14
33516,14
33517,16
33518,16
33519,16
33520,14
33521,15
33522,8
33523,8
33524,8
33525,8
33526,8
33527,8
33528,8
33529,8
33530,8
33531,8
33532,8
33600,12
33601,14
33602,10
33603,13
33604,12
33605,15
33606,12
33607,14
33608,13
33609,15
33610,13
33611,15
33612,15
33613,15
33614,13
33615,15
33616,15
33617,15
33618,13
33619,14
33620,16
33621,16
33622,14
33623,14
33624,14
33625,15
33626,15
33627,16
33628,13
33629,14
33630,12
33631,15
33632,15
33633,15
33634,12
33635,14
33636,15
33637,14
33638,15
33639,10
33640,11
33641,15
33642,15
33643,13
33644,15
33645,11
33646,16
33647,16
33648,16
33649,12
33650,14
33651,14
33652,13
33653,14
33654,14
33655,15
33656,15
33657,15
33658,15
33659,15
33660,15
33661,14
33662,11
33664,16
33665,12
33666,14
33667,13
33668,16
33669,13
33670,15
33671,10
33672,12
33673,13
33674,12
33675,16
33676,14
33677,14
33678,12
33679,15
33680,16
33681,16
33682,13
33683,14
33684,15
33685,12
33686,12
33687,8
33688,8
33689,8
33690,8
33691,8
33692,8
33693,8
33694,8
33695,16
33696,16
33697,16
33698,16
33699,16
33700,16
33701,16
33702,16
33703,16
33704,16
33705,16
33706,16
33707,16
33708,16
33709,16
33710,16
33711,16
33712,16
33713,16
33714,16
33715,16
33716,16
33717,16
33718,16
33719,8
33720,8
33721,8
33722,8
33723,8
33724,8
33725,8
33726,8
33727,16
33728,16
33729,16
33730,16
33731,16
33732,16
33733,16
33734,16
33735,16
33736,16
33737,16
33738,16
33739,16
33740,16
33741,16
33742,16
33743,16
33744,16
33745,16
33746,16
33747,16
33748,16
33749,16
33750,16
33751,8
33752,8
33753,8
33754,8
33755,8
33756,8
33757,8
33758,8
33759,8
33760,8
33761,8
33762,8
33763,8
33764,8
33765,8
33766,8
33767,8
33768,8
33769,8
33770,8
33771,8
33772,8
33773,8
33774,8
33775,8
33776,8
33777,8
33778,8
33779,8
33780,8
33781,8
33782,8
33783,8
33784,8
33785,8
33786,8
33787,8
33788,8
33856,16
33857,16
33858,16
33859,16
33860,16
33861,16
33862,16
33863,16
33864,16
33865,16
33866,16
33867,16
33868,16
33869,16
33870,16
33871,16
33872,16
33873,16
33874,16
33875,16
33876,16
33877,16
33878,16
33879,16
33880,16
33881,16
33882,16
33883,16
33884,16
33885,16
33886,16
33887,16
33888,16
33889,8
33890,8
33891,8
33892,8
33893,8
33894,8
33895,8
33896,8
33897,8
33898,8
33899,8
33900,8
33901,8
33902,8
33903,8
33904,16
33905,16
33906,16
33907,16
33908,16
33909,16
33910,16
33911,16
33912,16
33913,16
33914,16
33915,16
33916,16
33917,16
33918,16
33920,16
33921,16
33922,16
33923,16
33924,16
33925,16
33926,16
33927,16
33928,16
33929,16
33930,16
33931,16
33932,16
33933,16
33934,16
33935,16
33936,16
33937,16
33938,8
33939,8
33940,8
33941,8
33942,8
33943,8
33944,8
33945,8
33946,8
33947,8
33948,8
33949,8
33950,8
33951,16
33952,16
33953,16
33954,16
33955,16
33956,16
33957,16
33958,16
33959,16
33960,16
33961,16
33962,16
33963,16
33964,16
33965,16
33966,16
33967,16
33968,16
33969,16
33970,16
33971,16
33972,16
33973,16
33974,16
33975,16
33976,16
33977,16
33978,16
33979,16
33980,16
33981,16
33982,16
33983,8
33984,8
33985,8
33986,8
33987,8
33988,8
33989,8
33990,8
33991,8
33992,8
33993,8
33994,8
33995,8
33996,8
33997,8
33998,8
33999,8
34000,8
34001,8
34002,8
34003,8
34004,8
34005,8
34006,8
34007,8
34008,8
34009,8
34010,8
34011,8
34012,8
34013,8
34014,8
34015,8
34016,8
34017,8
34018,8
34019,8
34020,8
34021,8
34022,8
34023,8
34024,8
34025,8
34026,8
34027,8
34028,8
34029,8
34030,8
34031,8
34032,8
34033,8
34034,8
34035,8
34036,8
34037,8
34038,8
34039,8
34040,8
34041,8
34042,8
34043,8
34044,8
34112,8
34113,8
34114,8
34115,8
34116,8
34117,8
34118,8
34119,8
34120,8
34121,8
34122,8
34123,8
34124,8
34125,8
34126,8
34127,8
34128,8
34129,8
34130,8
34131,8
34132,8
34133,8
34134,8
34135,8
34136,8
34137,8
34138,8
34139,8
34140,8
34141,8
34142,8
34143,8
34144,8
34145,8
34146,8
34147,8
34148,8
34149,8
34150,8
34151,8
34152,8
34153,8
34154,8
34155,8
34156,8
34157,8
34158,8
34159,8
34160,8
34161,8
34162,8
34163,8
34164,8
34165,8
34166,8
34167,8
34168,8
34169,8
34170,8
34171,8
34172,8
34173,8
34174,8
34176,8
34177,8
34178,8
34179,8
34180,8
34181,8
34182,8
34183,8
34184,8
34185,8
34186,8
34187,8
34188,8
34189,8
34190,8
34191,8
34192,8
34193,8
34194,8
34195,8
34196,8
34197,8
34198,8
34199,8
34200,8
34201,8
34202,8
34203,8
34204,8
34205,8
34206,8
34207,8
34208,8
34209,8
34210,8
34211,8
34212,8
34213,8
34214,8
34215,8
34216,8
34217,8
34218,8
34219,8
34220,8
34221,8
34222,8
34223,8
34224,8
34225,8
34226,8
34227,8
34228,8
34229,8
34230,8
34231,8
34232,8
34233,8
34234,8
34235,8
34236,8
34237,8
34238,8
34239,8
34240,8
34241,8
34242,8
34243,8
34244,8
34245,8
34246,8
34247,8
34248,8
34249,8
34250,8
34251,8
34252,8
34253,8
34254,8
34255,8
34256,8
34257,8
34258,8
34259,8
34260,8
34261,8
34262,8
34263,8
34264,8
34265,8
34266,8
34267,8
34268,8
34269,8
34270,8
34271,8
34272,8
34273,8
34274,8
34275,8
34276,8
34277,8
34278,8
34279,8
34280,8
34281,8
34282,8
34283,8
34284,8
34285,8
34286,8
34287,8
34288,8
34289,8
34290,8
34291,8
34292,8
34293,8
34294,8
34295,8
34296,8
34297,8
34298,8
34299,8
34300,8
34368,8
34369,8
34370,8
34371,8
34372,8
34373,8
34374,8
34375,8
34376,8
34377,8
34378,8
34379,8
34380,8
34381,8
34382,8
34383,8
34384,8
34385,8
34386,8
34387,8
34388,8
34389,8
34390,8
34391,8
34392,8
34393,8
34394,8
34395,8
34396,8
34397,8
34398,8
34399,8
34400,8
34401,8
34402,8
34403,8
34404,8
34405,8
34406,8
34407,8
34408,8
34409,8
34410,8
34411,8
34412,8
34413,8
34414,8
34415,8
34416,8
34417,8
34418,8
34419,8
34420,8
34421,8
34422,8
34423,8
34424,8
34425,8
34426,8
34427,8
34428,8
34429,8
34430,8
34432,8
34433,8
34434,8
34435,8
34436,8
34437,8
34438,8
34439,8
34440,8
34441,8
34442,8
34443,8
34444,8
34445,8
34446,8
34447,8
34448,8
34449,8
34450,8
34451,8
34452,8
34453,8
34454,8
34455,8
34456,8
34457,8
34458,8
34459,8
34460,8
34461,8
34462,8
34463,8
34464,8
34465,8
34466,8
34467,8
34468,8
34469,8
34470,8
34471,8
34472,8
34473,8
34474,8
34475,8
34476,8
34477,8
34478,8
34479,8
34480,8
34481,8
34482,8
34483,8
34484,8
34485,8
34486,8
34487,8
34488,8
34489,8
34490,8
34491,8
34492,8
34493,8
34494,8
34495,8
34496,8
34497,8
34498,8
34499,8
34500,8
34501,8
34502,8
34503,8
34504,8
34505,8
34506,8
34507,8
34508,8
34509,8
34510,8
34511,8
34512,8
34513,8
34514,8
34515,8
34516,8
34517,8
34518,8
34519,8
34520,8
34521,8
34522,8
34523,8
34524,8
34525,8
34526,8
34527,8
34528,8
34529,8
34530,8
34531,8
34532,8
34533,8
34534,8
34535,8
34536,8
34537,8
34538,8
34539,8
34540,8
34541,8
34542,8
34543,8
34544,8
34545,8
34546,8
34547,8
34548,8
34549,8
34550,8
34551,8
34552,8
34553,8
34554,8
34555,8
34556,8
34624,16
34625,16
34626,16
34627,16
34628,16
34629,16
34630,16
34631,16
34632,16
34633,16
34634,16
34635,16
34636,16
34637,16
34638,16
34639,16
34640,16
34641,16
34642,16
34643,16
34644,16
34645,16
34646,16
34647,16
34648,16
34649,16
34650,16
34651,16
34652,16
34653,16
34654,8
34655,16
34656,16
34657,16
34658,16
34659,16
34660,16
34661,16
34662,16
34663,16
34664,16
34665,16
34666,16
34667,16
34668,16
34669,16
34670,16
34671,16
34672,16
34673,16
34674,16
34675,16
34676,16
34677,16
34678,8
34679,8
34680,8
34681,8
34682,8
34683,8
34684,8
34685,8
34686,16
34688,16
34689,16
34690,16
34691,16
34692,16
34693,16
34694,16
34695,16
34696,16
34697,16
34698,16
34699,16
34700,16
34701,16
34702,16
34703,16
34704,16
34705,16
34706,16
34707,16
34708,16
34709,16
34710,16
34711,16
34712,16
34713,16
34714,16
34715,16
34716,16
34717,8
34718,8
34719,8
34720,8
34721,8
34722,8
34723,8
34724,8
34725,8
34726,8
34727,8
34728,8
34729,8
34730,8
34731,8
34732,8
34733,8
34734,8
34735,8
34736,8
34737,8
34738,8
34739,8
34740,8
34741,8
34742,8
34743,8
34744,8
34745,8
34746,8
34747,8
34748,8
34749,8
34750,8
34751,8
34752,8
34753,8
34754,8
34755,8
34756,8
34757,8
34758,8
34759,8
34760,8
34761,8
34762,8
34763,8
34764,8
34765,8
34766,8
34767,8
34768,8
34769,8
34770,8
34771,8
34772,8
34773,8
34774,8
34775,8
34776,8
34777,8
34778,8
34779,8
34780,8
34781,8
34782,8
34783,8
34784,8
34785,8
34786,8
34787,8
34788,8
34789,8
34790,8
34791,8
34792,8
34793,8
34794,8
34795,8
34796,8
34797,8
34798,8
34799,8
34800,8
34801,8
34802,8
34803,8
34804,8
34805,8
34806,8
34807,8
34808,8
34809,8
34810,8
34811,8
34812,8
34880,8
34881,8
34882,8
34883,8
34884,8
34885,8
34886,8
34887,8
34888,8
34889,8
34890,8
34891,8
34892,8
34893,8
34894,8
34895,8
34896,8
34897,8
34898,8
34899,8
34900,8
34901,8
34902,8
34903,8
34904,8
34905,8
34906,8
34907,8
34908,8
34909,8
34910,8
34911,8
34912,8
34913,8
34914,8
34915,8
34916,8
34917,8
34918,8
34919,8
34920,8
34921,8
34922,8
34923,8
34924,8
34925,8
34926,8
34927,8
34928,8
34929,8
34930,8
34931,8
34932,8
34933,8
34934,8
34935,8
34936,8
34937,8
34938,8
34939,8
34940,8
34941,8
34942,8
34944,8
34945,8
34946,8
34947,8
34948,8
34949,8
34950,8
34951,8
34952,8
34953,8
34954,8
34955,8
34956,8
34957,8
34958,8
34959,8
34960,8
34961,8
34962,8
34963,8
34964,8
34965,8
34966,8
34967,8
34968,8
34969,8
34970,8
34971,8
34972,8
34973,8
34974,8
34975,16
34976,16
34977,16
34978,16
34979,16
34980,16
34981,16
34982,16
34983,16
34984,16
34985,16
34986,16
34987,16
34988,16
34989,16
34990,16
34991,16
34992,16
34993,16
34994,16
34995,16
34996,16
34997,16
34998,16
34999,16
35000,16
35001,16
35002,16
35003,16
35004,16
35005,16
35006,16
35007,16
35008,16
35009,16
35010,16
35011,16
35012,16
35013,16
35014,16
35015,16
35016,16
35017,16
35018,16
35019,16
35020,16
35021,16
35022,16
35023,16
35024,16
35025,16
35026,16
35027,16
35028,16
35029,16
35030,16
35031,16
35032,16
35033,16
35034,16
35035,16
35036,16
35037,16
35038,16
35039,16
35040,16
35041,16
35042,16
35043,16
35044,16
35045,16
35046,16
35047,16
35048,16
35049,16
35050,16
35051,16
35052,16
35053,16
35054,16
35055,16
35056,16
35057,16
35058,16
35059,16
35060,16
35061,16
35062,16
35063,16
35064,16
35065,16
35066,16
35067,16
35068,16
35136,16
35137,16
35138,16
35139,16
35140,16
35141,16
35142,16
35143,16
35144,16
35145,16
35146,16
35147,16
35148,16
35149,16
35150,16
35151,16
35152,16
35153,16
35154,16
35155,16
35156,16
35157,16
35158,16
35159,16
35160,16
35161,16
35162,16
35163,16
35164,16
35165,16
35166,16
35167,16
35168,16
35169,16
35170,16
35171,16
35172,16
35173,16
35174,16
35175,16
35176,16
35177,16
35178,16
35179,16
35180,16
35181,16
35182,16
35183,16
35184,16
35185,16
35186,16
35187,16
35188,16
35189,16
35190,16
35191,16
35192,16
35193,16
35194,16
35195,16
35196,16
35197,16
35198,16
35200,16
35201,16
35202,16
35203,16
35204,16
35205,16
35206,16
35207,16
35208,16
35209,16
35210,16
35211,16
35212,16
35213,16
35214,16
35215,16
35216,16
35217,16
35218,16
35219,16
35220,16
35221,16
35222,16
35223,16
35224,16
35225,16
35226,16
35227,16
35228,16
35229,16
35230,16
35231,16
35232,16
35233,16
35234,16
35235,16
35236,16
35237,16
35238,16
35239,16
35240,16
35241,16
35242,16
35243,16
35244,16
35245,16
35246,16
35247,16
35248,16
35249,16
35250,16
35251,16
35252,16
35253,16
35254,16
35255,16
35256,16
35257,16
35258,16
35259,16
35260,16
35261,16
35262,16
35263,16
35264,16
35265,16
35266,16
35267,16
35268,16
35269,16
35270,16
35271,16
35272,16
35273,16
35274,16
35275,16
35276,16
35277,16
35278,16
35279,16
35280,16
35281,16
35282,16
35283,16
35284,16
35285,16
35286,16
35287,16
35288,16
35289,16
35290,16
35291,16
35292,16
35293,16
35294,16
35295,16
35296,16
35297,16
35298,16
35299,16
35300,16
35301,16
35302,16
35303,16
35304,16
35305,16
35306,16
35307,16
35308,16
35309,16
35310,16
35311,16
35312,16
35313,16
35314,16
35315,16
35316,16
35317,16
35318,16
35319,16
35320,16
35321,16
35322,16
35323,16
35324,16
35392,16
35393,16
35394,16
35395,16
35396,16
35397,16
35398,16
35399,16
35400,16
35401,16
35402,16
35403,16
35404,16
35405,16
35406,16
35407,16
35408,16
35409,16
35410,16
35411,16
35412,16
35413,16
35414,16
35415,16
35416,16
35417,16
35418,16
35419,16
35420,16
35421,16
35422,16
35423,16
35424,16
35425,16
35426,16
35427,16
35428,16
35429,16
35430,16
35431,16
35432,16
35433,16
35434,16
35435,16
35436,16
35437,16
35438,16
35439,16
35440,16
35441,16
35442,16
35443,16
35444,16
35445,16
35446,16
35447,16
35448,16
35449,16
35450,16
35451,16
35452,16
35453,16
35454,16
35456,16
35457,16
35458,16
35459,16
35460,16
35461,16
35462,16
35463,16
35464,16
35465,16
35466,16
35467,16
35468,16
35469,16
35470,16
35471,16
35472,16
35473,16
35474,16
35475,16
35476,16
35477,16
35478,16
35479,16
35480,16
35481,16
35482,16
35483,16
35484,16
35485,16
35486,16
35487,16
35488,16
35489,16
35490,16
35491,16
35492,16
35493,16
35494,16
35495,16
35496,16
35497,16
35498,16
35499,16
35500,16
35501,16
35502,16
35503,16
35504,16
35505,16
35506,16
35507,16
35508,16
35509,16
35510,16
35511,16
35512,16
35513,16
35514,16
35515,16
35516,16
35517,16
35518,16
35519,16
35520,16
35521,16
35522,16
35523,16
35524,16
35525,16
35526,16
35527,16
35528,16
35529,16
35530,16
35531,16
35532,16
35533,16
35534,16
35535,16
35536,16
35537,16
35538,16
35539,16
35540,16
35541,16
35542,16
35543,16
35544,16
35545,16
35546,16
35547,16
35548,16
35549,16
35550,16
35551,16
35552,16
35553,16
35554,16
35555,16
35556,16
35557,16
35558,16
35559,16
35560,16
35561,16
35562,16
35563,16
35564,16
35565,16
35566,16
35567,16
35568,16
35569,16
35570,16
35571,16
35572,16
35573,16
35574,16
35575,16
35576,16
35577,16
35578,16
35579,16
35580,16
35648,16
35649,16
35650,16
35651,16
35652,16
35653,16
35654,16
35655,16
35656,16
35657,16
35658,16
35659,16
35660,16
35661,16
35662,16
35663,16
35664,16
35665,16
35666,16
35667,16
35668,16
35669,16
35670,16
35671,16
35672,16
35673,16
35674,16
35675,16
35676,16
35677,16
35678,16
35679,16
35680,16
35681,16
35682,16
35683,16
35684,16
35685,16
35686,16
35687,16
35688,16
35689,16
35690,16
35691,16
35692,16
35693,16
35694,16
35695,16
35696,16
35697,16
35698,16
35699,16
35700,16
35701,16
35702,16
35703,16
35704,16
35705,16
35706,16
35707,16
35708,16
35709,16
35710,16
35712,16
35713,16
35714,16
35715,16
35716,16
35717,16
35718,16
35719,16
35720,16
35721,16
35722,16
35723,16
35724,16
35725,16
35726,16
35727,16
35728,16
35729,16
35730,16
35731,16
35732,16
35733,16
35734,16
35735,16
35736,16
35737,16
35738,16
35739,16
35740,16
35741,16
35742,16
35743,16
35744,16
35745,16
35746,16
35747,16
35748,16
35749,16
35750,16
35751,16
35752,16
35753,16
35754,16
35755,16
35756,16
35757,16
35758,16
35759,16
35760,16
35761,16
35762,16
35763,16
35764,16
35765,16
35766,16
35767,16
35768,16
35769,16
35770,16
35771,16
35772,16
35773,16
35774,16
35775,16
35776,16
35777,16
35778,16
35779,16
35780,16
35781,16
35782,16
35783,16
35784,16
35785,16
35786,16
35787,16
35788,16
35789,16
35790,16
35791,16
35792,16
35793,16
35794,16
35795,16
35796,16
35797,16
35798,16
35799,16
35800,16
35801,16
35802,16
35803,16
35804,16
35805,16
35806,16
35807,16
35808,16
35809,16
35810,16
35811,16
35812,16
35813,16
35814,16
35815,16
35816,16
35817,16
35818,16
35819,16
35820,16
35821,16
35822,16
35823,16
35824,16
35825,16
35826,16
35827,16
35828,16
35829,16
35830,16
35831,16
35832,16
35833,16
35834,16
35835,16
35836,16
35904,16
35905,16
35906,16
35907,16
35908,16
35909,16
35910,16
35911,16
35912,16
35913,16
35914,16
35915,16
35916,16
35917,16
35918,16
35919,16
35920,16
35921,16
35922,16
35923,16
35924,16
35925,16
35926,16
35927,16
35928,16
35929,16
35930,16
35931,16
35932,16
35933,16
35934,16
35935,16
35936,16
35937,16
35938,16
35939,16
35940,16
35941,16
35942,16
35943,16
35944,16
35945,16
35946,16
35947,16
35948,16
35949,16
35950,16
35951,16
35952,16
35953,16
35954,16
35955,16
35956,16
35957,16
35958,16
35959,16
35960,16
35961,16
35962,16
35963,16
35964,16
35965,16
35966,16
35968,16
35969,16
35970,16
35971,16
35972,16
35973,16
35974,16
35975,16
35976,16
35977,16
35978,16
35979,16
35980,16
35981,16
35982,16
35983,16
35984,16
35985,16
35986,16
35987,16
35988,16
35989,16
35990,16
35991,16
35992,16
35993,16
35994,16
35995,16
35996,16
35997,16
35998,16
35999,16
36000,16
36001,16
36002,16
36003,16
36004,16
36005,16
36006,16
36007,16
36008,16
36009,16
36010,16
36011,16
36012,16
36013,16
36014,16
36015,16
36016,16
36017,16
36018,16
36019,16
36020,16
36021,16
36022,16
36023,16
36024,16
36025,16
36026,16
36027,16
36028,16
36029,16
36030,16
36031,16
36032,16
36033,16
36034,16
36035,16
36036,16
36037,16
36038,16
36039,16
36040,16
36041,16
36042,16
36043,16
36044,16
36045,16
36046,16
36047,16
36048,16
36049,16
36050,16
36051,16
36052,16
36053,16
36054,16
36055,16
36056,16
36057,16
36058,16
36059,16
36060,16
36061,16
36062,16
36063,16
36064,16
36065,16
36066,16
36067,16
36068,16
36069,16
36070,16
36071,16
36072,16
36073,16
36074,16
36075,16
36076,16
36077,16
36078,16
36079,16
36080,16
36081,16
36082,16
36083,16
36084,16
36085,16
36086,16
36087,16
36088,16
36089,16
36090,16
36091,16
36092,16
36160,16
36161,16
36162,16
36163,16
36164,16
36165,16
36166,16
36167,16
36168,16
36169,16
36170,16
36171,16
36172,16
36173,16
36174,16
36175,16
36176,16
36177,16
36178,16
36179,16
36180,16
36181,16
36182,16
36183,16
36184,16
36185,16
36186,16
36187,16
36188,16
36189,16
36190,16
36191,16
36192,16
36193,16
36194,16
36195,16
36196,16
36197,16
36198,16
36199,16
36200,16
36201,16
36202,16
36203,16
36204,16
36205,16
36206,16
36207,16
36208,16
36209,16
36210,16
36211,16
36212,16
36213,16
36214,16
36215,16
36216,16
36217,16
36218,16
36219,16
36220,16
36221,16
36222,16
36224,16
36225,16
36226,16
36227,16
36228,16
36229,16
36230,16
36231,16
36232,16
36233,16
36234,16
36235,16
36236,16
36237,16
36238,16
36239,16
36240,16
36241,16
36242,16
36243,16
36244,16
36245,16
36246,16
36247,16
36248,16
36249,16
36250,16
36251,16
36252,16
36253,16
36254,16
36255,16
36256,16
36257,16
36258,16
36259,16
36260,16
36261,16
36262,16
36263,16
36264,16
36265,16
36266,16
36267,16
36268,16
36269,16
36270,16
36271,16
36272,16
36273,16
36274,16
36275,16
36276,16
36277,16
36278,16
36279,16
36280,16
36281,16
36282,16
36283,16
36284,16
36285,16
36286,16
36287,16
36288,16
36289,16
36290,16
36291,16
36292,16
36293,16
36294,16
36295,16
36296,16
36297,16
36298,16
36299,16
36300,16
36301,16
36302,16
36303,16
36304,16
36305,16
36306,16
36307,16
36308,16
36309,16
36310,16
36311,16
36312,16
36313,16
36314,16
36315,16
36316,16
36317,16
36318,16
36319,16
36320,16
36321,16
36322,16
36323,16
36324,16
36325,16
36326,16
36327,16
36328,16
36329,16
36330,16
36331,16
36332,16
36333,16
36334,16
36335,16
36336,16
36337,16
36338,16
36339,16
36340,16
36341,16
36342,16
36343,16
36344,16
36345,16
36346,16
36347,16
36348,16
36416,16
36417,16
36418,16
36419,16
36420,16
36421,16
36422,16
36423,16
36424,16
36425,16
36426,16
36427,16
36428,16
36429,16
36430,16
36431,16
36432,16
36433,16
36434,16
36435,16
36436,16
36437,16
36438,16
36439,16
36440,16
36441,16
36442,16
36443,16
36444,16
36445,16
36446,16
36447,16
36448,16
36449,16
36450,16
36451,16
36452,16
36453,16
36454,16
36455,16
36456,16
36457,16
36458,16
36459,16
36460,16
36461,16
36462,16
36463,16
36464,16
36465,16
36466,16
36467,16
36468,16
36469,16
36470,16
36471,16
36472,16
36473,16
36474,16
36475,16
36476,16
36477,16
36478,16
36480,16
36481,16
36482,16
36483,16
36484,16
36485,16
36486,16
36487,16
36488,16
36489,16
36490,16
36491,16
36492,16
36493,16
36494,16
36495,16
36496,16
36497,16
36498,16
36499,16
36500,16
36501,16
36502,16
36503,16
36504,16
36505,16
36506,16
36507,16
36508,16
36509,16
36510,16
36511,16
36512,16
36513,16
36514,16
36515,16
36516,16
36517,16
36518,16
36519,16
36520,16
36521,16
36522,16
36523,16
36524,16
36525,16
36526,16
36527,16
36528,16
36529,16
36530,16
36531,16
36532,16
36533,16
36534,16
36535,16
36536,16
36537,16
36538,16
36539,16
36540,16
36541,16
36542,16
36543,16
36544,16
36545,16
36546,16
36547,16
36548,16
36549,16
36550,16
36551,16
36552,16
36553,16
36554,16
36555,16
36556,16
36557,16
36558,16
36559,16
36560,16
36561,16
36562,16
36563,16
36564,16
36565,16
36566,16
36567,16
36568,16
36569,16
36570,16
36571,16
36572,16
36573,16
36574,16
36575,16
36576,16
36577,16
36578,16
36579,16
36580,16
36581,16
36582,16
36583,16
36584,16
36585,16
36586,16
36587,16
36588,16
36589,16
36590,16
36591,16
36592,16
36593,16
36594,16
36595,16
36596,16
36597,16
36598,16
36599,16
36600,16
36601,16
36602,16
36603,16
36604,16
36672,16
36673,16
36674,16
36675,16
36676,16
36677,16
36678,16
36679,16
36680,16
36681,16
36682,16
36683,16
36684,16
36685,16
36686,16
36687,16
36688,16
36689,16
36690,16
36691,16
36692,16
36693,16
36694,16
36695,16
36696,16
36697,16
36698,16
36699,16
36700,16
36701,16
36702,16
36703,16
36704,16
36705,16
36706,16
36707,16
36708,16
36709,16
36710,16
36711,16
36712,16
36713,16
36714,16
36715,16
36716,16
36717,16
36718,16
36719,16
36720,16
36721,16
36722,16
36723,16
36724,16
36725,16
36726,16
36727,16
36728,16
36729,16
36730,16
36731,16
36732,16
36733,16
36734,16
36736,16
36737,16
36738,16
36739,16
36740,16
36741,16
36742,16
36743,16
36744,16
36745,16
36746,16
36747,16
36748,16
36749,16
36750,16
36751,16
36752,16
36753,16
36754,16
36755,16
36756,16
36757,16
36758,16
36759,16
36760,16
36761,16
36762,16
36763,16
36764,16
36765,16
36766,16
36767,16
36768,16
36769,16
36770,16
36771,16
36772,16
36773,16
36774,16
36775,16
36776,16
36777,16
36778,16
36779,16
36780,16
36781,16
36782,16
36783,16
36784,16
36785,16
36786,16
36787,16
36788,16
36789,16
36790,16
36791,16
36792,16
36793,16
36794,16
36795,16
36796,16
36797,16
36798,16
36799,16
36800,16
36801,16
36802,16
36803,16
36804,16
36805,16
36806,16
36807,16
36808,16
36809,16
36810,16
36811,16
36812,16
36813,16
36814,16
36815,16
36816,16
36817,16
36818,16
36819,16
36820,16
36821,16
36822,16
36823,16
36824,16
36825,16
36826,16
36827,16
36828,16
36829,16
36830,16
36831,16
36832,16
36833,16
36834,16
36835,16
36836,16
36837,16
36838,16
36839,16
36840,16
36841,16
36842,16
36843,16
36844,16
36845,16
36846,16
36847,16
36848,16
36849,16
36850,16
36851,16
36852,16
36853,16
36854,16
36855,16
36856,16
36857,16
36858,16
36859,16
36860,16
36928,16
36929,16
36930,16
36931,16
36932,16
36933,16
36934,16
36935,16
36936,16
36937,16
36938,16
36939,16
36940,16
36941,16
36942,16
36943,16
36944,16
36945,16
36946,16
36947,16
36948,16
36949,16
36950,16
36951,16
36952,16
36953,16
36954,16
36955,16
36956,16
36957,16
36958,16
36959,16
36960,16
36961,16
36962,16
36963,16
36964,16
36965,16
36966,16
36967,16
36968,16
36969,16
36970,16
36971,16
36972,16
36973,16
36974,16
36975,16
36976,16
36977,16
36978,16
36979,16
36980,16
36981,16
36982,16
36983,16
36984,16
36985,16
36986,16
36987,16
36988,16
36989,16
36990,16
36992,16
36993,16
36994,16
36995,16
36996,16
36997,16
36998,16
36999,16
37000,16
37001,16
37002,16
37003,16
37004,16
37005,16
37006,16
37007,16
37008,16
37009,16
37010,16
37011,16
37012,16
37013,16
37014,16
37015,16
37016,16
37017,16
37018,16
37019,16
37020,16
37021,16
37022,16
37023,16
37024,16
37025,16
37026,16
37027,16
37028,16
37029,16
37030,16
37031,16
37032,16
37033,16
37034,16
37035,16
37036,16
37037,16
37038,16
37039,16
37040,16
37041,16
37042,16
37043,16
37044,16
37045,16
37046,16
37047,16
37048,16
37049,16
37050,16
37051,16
37052,16
37053,16
37054,16
37055,16
37056,16
37057,16
37058,16
37059,16
37060,16
37061,16
37062,16
37063,16
37064,16
37065,16
37066,16
37067,16
37068,16
37069,16
37070,16
37071,16
37072,16
37073,16
37074,16
37075,16
37076,16
37077,16
37078,16
37079,16
37080,16
37081,16
37082,16
37083,16
37084,16
37085,16
37086,16
37087,16
37088,16
37089,16
37090,16
37091,16
37092,16
37093,16
37094,16
37095,16
37096,16
37097,16
37098,16
37099,16
37100,16
37101,16
37102,16
37103,16
37104,16
37105,16
37106,16
37107,16
37108,16
37109,16
37110,16
37111,16
37112,16
37113,16
37114,16
37115,16
37116,16
37184,16
37185,16
37186,16
37187,16
37188,16
37189,16
37190,16
37191,16
37192,16
37193,16
37194,16
37195,16
37196,16
37197,16
37198,16
37199,16
37200,16
37201,16
37202,16
37203,16
37204,16
37205,16
37206,16
37207,16
37208,16
37209,16
37210,16
37211,16
37212,16
37213,16
37214,16
37215,16
37216,16
37217,16
37218,16
37219,16
37220,16
37221,16
37222,16
37223,16
37224,16
37225,16
37226,16
37227,16
37228,16
37229,16
37230,16
37231,16
37232,16
37233,16
37234,16
37235,16
37236,16
37237,16
37238,16
37239,16
37240,16
37241,16
37242,16
37243,16
37244,16
37245,16
37246,16
37248,16
37249,16
37250,16
37251,16
37252,16
37253,16
37254,16
37255,16
37256,16
37257,16
37258,16
37259,16
37260,16
37261,16
37262,16
37263,16
37264,16
37265,16
37266,16
37267,16
37268,16
37269,16
37270,16
37271,16
37272,16
37273,16
37274,16
37275,16
37276,16
37277,16
37278,16
37279,16
37280,16
37281,16
37282,16
37283,16
37284,16
37285,16
37286,16
37287,16
37288,16
37289,16
37290,16
37291,16
37292,16
37293,16
37294,16
37295,16
37296,16
37297,16
37298,16
37299,16
37300,16
37301,16
37302,16
37303,16
37304,16
37305,16
37306,16
37307,16
37308,16
37309,16
37310,16
37311,16
37312,16
37313,16
37314,16
37315,16
37316,16
37317,16
37318,16
37319,16
37320,16
37321,16
37322,16
37323,16
37324,16
37325,16
37326,16
37327,16
37328,16
37329,16
37330,16
37331,16
37332,16
37333,16
37334,16
37335,16
37336,16
37337,16
37338,16
37339,16
37340,16
37341,16
37342,16
37343,16
37344,16
37345,16
37346,16
37347,16
37348,16
37349,16
37350,16
37351,16
37352,16
37353,16
37354,16
37355,16
37356,16
37357,16
37358,16
37359,16
37360,16
37361,16
37362,16
37363,16
37364,16
37365,16
37366,16
37367,16
37368,16
37369,16
37370,16
37371,16
37372,16
37440,16
37441,16
37442,16
37443,16
37444,16
37445,16
37446,16
37447,16
37448,16
37449,16
37450,16
37451,16
37452,16
37453,16
37454,16
37455,16
37456,16
37457,16
37458,16
37459,16
37460,16
37461,16
37462,16
37463,16
37464,16
37465,16
37466,16
37467,16
37468,16
37469,16
37470,16
37471,16
37472,16
37473,16
37474,16
37475,16
37476,16
37477,16
37478,16
37479,16
37480,16
37481,16
37482,16
37483,16
37484,16
37485,16
37486,16
37487,16
37488,16
37489,16
37490,16
37491,16
37492,16
37493,16
37494,16
37495,16
37496,16
37497,16
37498,16
37499,16
37500,16
37501,16
37502,16
37504,16
37505,16
37506,16
37507,16
37508,16
37509,16
37510,16
37511,16
37512,16
37513,16
37514,16
37515,16
37516,16
37517,16
37518,16
37519,16
37520,16
37521,16
37522,16
37523,16
37524,16
37525,16
37526,16
37527,16
37528,16
37529,16
37530,16
37531,16
37532,16
37533,16
37534,16
37535,16
37536,16
37537,16
37538,16
37539,16
37540,16
37541,16
37542,16
37543,16
37544,16
37545,16
37546,16
37547,16
37548,16
37549,16
37550,16
37551,16
37552,16
37553,16
37554,16
37555,16
37556,16
37557,16
37558,16
37559,16
37560,16
37561,16
37562,16
37563,16
37564,16
37565,16
37566,16
37567,16
37568,16
37569,16
37570,16
37571,16
37572,16
37573,16
37574,16
37575,16
37576,16
37577,16
37578,16
37579,16
37580,16
37581,16
37582,16
37583,16
37584,16
37585,16
37586,16
37587,16
37588,16
37589,16
37590,16
37591,16
37592,16
37593,16
37594,16
37595,16
37596,16
37597,16
37598,16
37599,16
37600,16
37601,16
37602,16
37603,16
37604,16
37605,16
37606,16
37607,16
37608,16
37609,16
37610,16
37611,16
37612,16
37613,16
37614,16
37615,16
37616,16
37617,16
37618,16
37619,16
37620,16
37621,16
37622,16
37623,16
37624,16
37625,16
37626,16
37627,16
37628,16
37696,16
37697,16
37698,16
37699,16
37700,16
37701,16
37702,16
37703,16
37704,16
37705,16
37706,16
37707,16
37708,16
37709,16
37710,16
37711,16
37712,16
37713,16
37714,16
37715,16
37716,16
37717,16
37718,16
37719,16
37720,16
37721,16
37722,16
37723,16
37724,16
37725,16
37726,16
37727,16
37728,16
37729,16
37730,16
37731,16
37732,16
37733,16
37734,16
37735,16
37736,16
37737,16
37738,16
37739,16
37740,16
37741,16
37742,16
37743,16
37744,16
37745,16
37746,16
37747,16
37748,16
37749,16
37750,16
37751,16
37752,16
37753,16
37754,16
37755,16
37756,16
37757,16
37758,16
37760,16
37761,16
37762,16
37763,16
37764,16
37765,16
37766,16
37767,16
37768,16
37769,16
37770,16
37771,16
37772,16
37773,16
37774,16
37775,16
37776,16
37777,16
37778,16
37779,16
37780,16
37781,16
37782,16
37783,16
37784,16
37785,16
37786,16
37787,16
37788,16
37789,16
37790,16
37791,16
37792,16
37793,16
37794,16
37795,16
37796,16
37797,16
37798,16
37799,16
37800,16
37801,16
37802,16
37803,16
37804,16
37805,16
37806,16
37807,16
37808,16
37809,16
37810,16
37811,16
37812,16
37813,16
37814,16
37815,16
37816,16
37817,16
37818,16
37819,16
37820,16
37821,16
37822,16
37823,16
37824,16
37825,16
37826,16
37827,16
37828,16
37829,16
37830,16
37831,16
37832,16
37833,16
37834,16
37835,16
37836,16
37837,16
37838,16
37839,16
37840,16
37841,16
37842,16
37843,16
37844,16
37845,16
37846,16
37847,16
37848,16
37849,16
37850,16
37851,16
37852,16
37853,16
37854,16
37855,16
37856,16
37857,16
37858,16
37859,16
37860,16
37861,16
37862,16
37863,16
37864,16
37865,16
37866,16
37867,16
37868,16
37869,16
37870,16
37871,16
37872,16
37873,16
37874,16
37875,16
37876,16
37877,16
37878,16
37879,16
37880,16
37881,16
37882,16
37883,16
37884,16
37952,16
37953,16
37954,16
37955,16
37956,16
37957,16
37958,16
37959,16
37960,16
37961,16
37962,16
37963,16
37964,16
37965,16
37966,16
37967,16
37968,16
37969,16
37970,16
37971,16
37972,16
37973,16
37974,16
37975,16
37976,16
37977,16
37978,16
37979,16
37980,16
37981,16
37982,16
37983,16
37984,16
37985,16
37986,16
37987,16
37988,16
37989,16
37990,16
37991,16
37992,16
37993,16
37994,16
37995,16
37996,16
37997,16
37998,16
37999,16
38000,16
38001,16
38002,16
38003,16
38004,16
38005,16
38006,16
38007,16
38008,16
38009,16
38010,16
38011,16
38012,16
38013,16
38014,16
38016,16
38017,16
38018,16
38019,16
38020,16
38021,16
38022,16
38023,16
38024,16
38025,16
38026,16
38027,16
38028,16
38029,16
38030,16
38031,16
38032,16
38033,16
38034,16
38035,16
38036,16
38037,16
38038,16
38039,16
38040,16
38041,16
38042,16
38043,16
38044,16
38045,16
38046,16
38047,16
38048,16
38049,16
38050,16
38051,16
38052,16
38053,16
38054,16
38055,16
38056,16
38057,16
38058,16
38059,16
38060,16
38061,16
38062,16
38063,16
38064,16
38065,16
38066,16
38067,16
38068,16
38069,16
38070,16
38071,16
38072,16
38073,16
38074,16
38075,16
38076,16
38077,16
38078,16
38079,16
38080,16
38081,16
38082,16
38083,16
38084,16
38085,16
38086,16
38087,16
38088,16
38089,16
38090,16
38091,16
38092,16
38093,16
38094,16
38095,16
38096,16
38097,16
38098,16
38099,16
38100,16
38101,16
38102,16
38103,16
38104,16
38105,16
38106,16
38107,16
38108,16
38109,16
38110,16
38111,16
38112,16
38113,16
38114,16
38115,16
38116,16
38117,16
38118,16
38119,16
38120,16
38121,16
38122,16
38123,16
38124,16
38125,16
38126,16
38127,16
38128,16
38129,16
38130,16
38131,16
38132,16
38133,16
38134,16
38135,16
38136,16
38137,16
38138,16
38139,16
38140,16
38208,16
38209,16
38210,16
38211,16
38212,16
38213,16
38214,16
38215,16
38216,16
38217,16
38218,16
38219,16
38220,16
38221,16
38222,16
38223,16
38224,16
38225,16
38226,16
38227,16
38228,16
38229,16
38230,16
38231,16
38232,16
38233,16
38234,16
38235,16
38236,16
38237,16
38238,16
38239,16
38240,16
38241,16
38242,16
38243,16
38244,16
38245,16
38246,16
38247,16
38248,16
38249,16
38250,16
38251,16
38252,16
38253,16
38254,16
38255,16
38256,16
38257,16
38258,16
38259,16
38260,16
38261,16
38262,16
38263,16
38264,16
38265,16
38266,16
38267,16
38268,16
38269,16
38270,16
38272,16
38273,16
38274,16
38275,16
38276,16
38277,16
38278,16
38279,16
38280,16
38281,16
38282,16
38283,16
38284,16
38285,16
38286,16
38287,16
38288,16
38289,16
38290,16
38291,16
38292,16
38293,16
38294,16
38295,16
38296,16
38297,16
38298,16
38299,16
38300,16
38301,16
38302,16
38303,16
38304,16
38305,16
38306,16
38307,16
38308,16
38309,16
38310,16
38311,16
38312,16
38313,16
38314,16
38315,16
38316,16
38317,16
38318,16
38319,16
38320,16
38321,16
38322,16
38323,16
38324,16
38325,16
38326,16
38327,16
38328,16
38329,16
38330,16
38331,16
38332,16
38333,16
38334,16
38335,16
38336,16
38337,16
38338,16
38339,16
38340,16
38341,16
38342,16
38343,16
38344,16
38345,16
38346,16
38347,16
38348,16
38349,16
38350,16
38351,16
38352,16
38353,16
38354,16
38355,16
38356,16
38357,16
38358,16
38359,16
38360,16
38361,16
38362,16
38363,16
38364,16
38365,16
38366,16
38367,16
38368,16
38369,16
38370,16
38371,16
38372,16
38373,16
38374,16
38375,16
38376,16
38377,16
38378,16
38379,16
38380,16
38381,16
38382,16
38383,16
38384,16
38385,16
38386,16
38387,16
38388,16
38389,16
38390,16
38391,16
38392,16
38393,16
38394,16
38395,16
38396,16
38464,16
38465,16
38466,16
38467,16
38468,16
38469,16
38470,16
38471,16
38472,16
38473,16
38474,16
38475,16
38476,16
38477,16
38478,16
38479,16
38480,16
38481,16
38482,16
38483,16
38484,16
38485,16
38486,16
38487,16
38488,16
38489,16
38490,16
38491,16
38492,16
38493,16
38494,16
38495,16
38496,16
38497,16
38498,16
38499,16
38500,16
38501,16
38502,16
38503,16
38504,16
38505,16
38506,16
38507,16
38508,16
38509,16
38510,16
38511,16
38512,16
38513,16
38514,16
38515,16
38516,16
38517,16
38518,16
38519,16
38520,16
38521,16
38522,16
38523,16
38524,16
38525,16
38526,16
38528,16
38529,16
38530,16
38531,16
38532,16
38533,16
38534,16
38535,16
38536,16
38537,16
38538,16
38539,16
38540,16
38541,16
38542,16
38543,16
38544,16
38545,16
38546,16
38547,16
38548,16
38549,16
38550,16
38551,16
38552,16
38553,16
38554,16
38555,16
38556,16
38557,16
38558,16
38559,16
38560,16
38561,16
38562,16
38563,16
38564,16
38565,16
38566,16
38567,16
38568,16
38569,16
38570,16
38571,16
38572,16
38573,16
38574,16
38575,16
38576,16
38577,16
38578,16
38579,16
38580,16
38581,16
38582,16
38583,16
38584,16
38585,16
38586,16
38587,16
38588,16
38589,16
38590,16
38591,16
38592,16
38593,16
38594,16
38595,16
38596,16
38597,16
38598,16
38599,16
38600,16
38601,16
38602,16
38603,16
38604,16
38605,16
38606,16
38607,16
38608,16
38609,16
38610,16
38611,16
38612,16
38613,16
38614,16
38615,16
38616,16
38617,16
38618,16
38619,16
38620,16
38621,16
38622,16
38623,16
38624,16
38625,16
38626,16
38627,16
38628,16
38629,16
38630,16
38631,16
38632,16
38633,16
38634,16
38635,16
38636,16
38637,16
38638,16
38639,16
38640,16
38641,16
38642,16
38643,16
38644,16
38645,16
38646,16
38647,16
38648,16
38649,16
38650,16
38651,16
38652,16
38720,16
38721,16
38722,16
38723,16
38724,16
38725,16
38726,16
38727,16
38728,16
38729,16
38730,16
38731,16
38732,16
38733,16
38734,16
38735,16
38736,16
38737,16
38738,16
38739,16
38740,16
38741,16
38742,16
38743,16
38744,16
38745,16
38746,16
38747,16
38748,16
38749,16
38750,16
38751,16
38752,16
38753,16
38754,16
38755,16
38756,16
38757,16
38758,16
38759,16
38760,16
38761,16
38762,16
38763,16
38764,16
38765,16
38766,16
38767,16
38768,16
38769,16
38770,16
38771,16
38772,16
38773,16
38774,16
38775,16
38776,16
38777,16
38778,16
38779,16
38780,16
38781,16
38782,16
38784,16
38785,16
38786,16
38787,16
38788,16
38789,16
38790,16
38791,16
38792,16
38793,16
38794,16
38795,16
38796,16
38797,16
38798,16
38799,16
38800,16
38801,16
38802,16
38803,16
38804,16
38805,16
38806,16
38807,16
38808,16
38809,16
38810,16
38811,16
38812,16
38813,16
38814,16
38815,16
38816,16
38817,16
38818,16
38819,16
38820,16
38821,16
38822,16
38823,16
38824,16
38825,16
38826,16
38827,16
38828,16
38829,16
38830,16
38831,16
38832,16
38833,16
38834,16
38835,16
38836,16
38837,16
38838,16
38839,16
38840,16
38841,16
38842,16
38843,16
38844,16
38845,16
38846,16
38847,16
38848,16
38849,16
38850,16
38851,16
38852,16
38853,16
38854,16
38855,16
38856,16
38857,16
38858,16
38859,16
38860,16
38861,16
38862,16
38863,16
38864,16
38865,16
38866,16
38867,16
38868,16
38869,16
38870,16
38871,16
38872,16
38873,16
38874,16
38875,16
38876,16
38877,16
38878,16
38879,16
38880,16
38881,16
38882,16
38883,16
38884,16
38885,16
38886,16
38887,16
38888,16
38889,16
38890,16
38891,16
38892,16
38893,16
38894,16
38895,16
38896,16
38897,16
38898,16
38899,16
38900,16
38901,16
38902,16
38903,16
38904,16
38905,16
38906,16
38907,16
38908,16
38976,16
38977,16
38978,16
38979,16
38980,16
38981,16
38982,16
38983,16
38984,16
38985,16
38986,16
38987,16
38988,16
38989,16
38990,16
38991,16
38992,16
38993,16
38994,16
38995,16
38996,16
38997,16
38998,16
38999,16
39000,16
39001,16
39002,16
39003,16
39004,16
39005,16
39006,16
39007,16
39008,16
39009,16
39010,16
39011,16
39012,16
39013,16
39014,16
39015,16
39016,16
39017,16
39018,16
39019,16
39020,16
39021,16
39022,16
39023,16
39024,16
39025,16
39026,16
39027,8
39028,8
39029,8
39030,8
39031,8
39032,8
39033,8
39034,8
39035,8
39036,8
39037,8
39038,8
39040,8
39041,8
39042,8
39043,8
39044,8
39045,8
39046,8
39047,8
39048,8
39049,8
39050,8
39051,8
39052,8
39053,8
39054,8
39055,8
39056,8
39057,8
39058,8
39059,8
39060,8
39061,8
39062,8
39063,8
39064,8
39065,8
39066,8
39067,8
39068,8
39069,8
39070,8
39071,16
39072,16
39073,16
39074,16
39075,16
39076,16
39077,16
39078,16
39079,16
39080,16
39081,16
39082,16
39083,16
39084,16
39085,16
39086,16
39087,16
39088,16
39089,16
39090,16
39091,16
39092,16
39093,16
39094,16
39095,16
39096,16
39097,16
39098,16
39099,16
39100,16
39101,16
39102,16
39103,16
39104,16
39105,16
39106,16
39107,16
39108,16
39109,16
39110,16
39111,16
39112,16
39113,16
39114,16
39115,16
39116,16
39117,16
39118,16
39119,16
39120,16
39121,16
39122,16
39123,16
39124,16
39125,16
39126,16
39127,16
39128,16
39129,16
39130,16
39131,16
39132,16
39133,16
39134,16
39135,16
39136,16
39137,16
39138,16
39139,16
39140,16
39141,16
39142,16
39143,16
39144,16
39145,16
39146,16
39147,16
39148,16
39149,16
39150,16
39151,16
39152,16
39153,16
39154,16
39155,16
39156,16
39157,16
39158,16
39159,16
39160,16
39161,16
39162,16
39163,16
39164,16
39232,16
39233,16
39234,16
39235,16
39236,16
39237,16
39238,16
39239,16
39240,16
39241,16
39242,16
39243,16
39244,16
39245,16
39246,16
39247,16
39248,16
39249,16
39250,16
39251,16
39252,16
39253,16
39254,16
39255,16
39256,16
39257,16
39258,16
39259,16
39260,16
39261,16
39262,16
39263,16
39264,16
39265,16
39266,16
39267,16
39268,16
39269,16
39270,16
39271,16
39272,16
39273,16
39274,16
39275,16
39276,16
39277,16
39278,16
39279,16
39280,16
39281,16
39282,16
39283,16
39284,16
39285,16
39286,16
39287,16
39288,16
39289,16
39290,16
39291,16
39292,16
39293,16
39294,16
39296,16
39297,16
39298,16
39299,16
39300,16
39301,16
39302,16
39303,16
39304,16
39305,16
39306,16
39307,16
39308,16
39309,16
39310,16
39311,16
39312,16
39313,16
39314,16
39315,16
39316,16
39317,16
39318,16
39319,16
39320,16
39321,16
39322,16
39323,16
39324,16
39325,16
39326,16
39327,16
39328,16
39329,16
39330,16
39331,16
39332,16
39333,16
39334,16
39335,16
39336,16
39337,16
39338,16
39339,16
39340,16
39341,16
39342,16
39343,16
39344,16
39345,16
39346,16
39347,16
39348,16
39349,16
39350,16
39351,16
39352,16
39353,16
39354,16
39355,16
39356,16
39357,16
39358,16
39359,16
39360,16
39361,16
39362,16
39363,16
39364,16
39365,16
39366,16
39367,16
39368,16
39369,16
39370,16
39371,16
39372,16
39373,16
39374,16
39375,16
39376,16
39377,16
39378,16
39379,16
39380,16
39381,16
39382,16
39383,16
39384,16
39385,16
39386,16
39387,16
39388,16
39389,16
39390,16
39391,16
39392,16
39393,16
39394,16
39395,16
39396,16
39397,16
39398,16
39399,16
39400,16
39401,16
39402,16
39403,16
39404,16
39405,16
39406,16
39407,16
39408,16
39409,16
39410,16
39411,16
39412,16
39413,16
39414,16
39415,16
39416,16
39417,16
39418,16
39419,16
39420,16
39488,16
39489,16
39490,16
39491,16
39492,16
39493,16
39494,16
39495,16
39496,16
39497,16
39498,16
39499,16
39500,16
39501,16
39502,16
39503,16
39504,16
39505,16
39506,16
39507,16
39508,16
39509,16
39510,16
39511,16
39512,16
39513,16
39514,16
39515,16
39516,16
39517,16
39518,16
39519,16
39520,16
39521,16
39522,16
39523,16
39524,16
39525,16
39526,16
39527,16
39528,16
39529,16
39530,16
39531,16
39532,16
39533,16
39534,16
39535,16
39536,16
39537,16
39538,16
39539,16
39540,16
39541,16
39542,16
39543,16
39544,16
39545,16
39546,16
39547,16
39548,16
39549,16
39550,16
39552,16
39553,16
39554,16
39555,16
39556,16
39557,16
39558,16
39559,16
39560,16
39561,16
39562,16
39563,16
39564,16
39565,16
39566,16
39567,16
39568,16
39569,16
39570,16
39571,16
39572,16
39573,16
39574,16
39575,16
39576,16
39577,16
39578,16
39579,16
39580,16
39581,16
39582,16
39583,16
39584,16
39585,16
39586,16
39587,16
39588,16
39589,16
39590,16
39591,16
39592,16
39593,16
39594,16
39595,16
39596,16
39597,16
39598,16
39599,16
39600,16
39601,16
39602,16
39603,16
39604,16
39605,16
39606,16
39607,16
39608,16
39609,16
39610,16
39611,16
39612,16
39613,16
39614,16
39615,16
39616,16
39617,16
39618,16
39619,16
39620,16
39621,16
39622,16
39623,16
39624,16
39625,16
39626,16
39627,16
39628,16
39629,16
39630,16
39631,16
39632,16
39633,16
39634,16
39635,16
39636,16
39637,16
39638,16
39639,16
39640,16
39641,16
39642,16
39643,16
39644,16
39645,16
39646,16
39647,16
39648,16
39649,16
39650,16
39651,16
39652,16
39653,16
39654,16
39655,16
39656,16
39657,16
39658,16
39659,16
39660,16
39661,16
39662,16
39663,16
39664,16
39665,16
39666,16
39667,16
39668,16
39669,16
39670,16
39671,16
39672,16
39673,16
39674,16
39675,16
39676,16
39744,16
39745,16
39746,16
39747,16
39748,16
39749,16
39750,16
39751,16
39752,16
39753,16
39754,16
39755,16
39756,16
39757,16
39758,16
39759,16
39760,16
39761,16
39762,16
39763,16
39764,16
39765,16
39766,16
39767,16
39768,16
39769,16
39770,16
39771,16
39772,16
39773,16
39774,16
39775,16
39776,16
39777,16
39778,16
39779,16
39780,16
39781,16
39782,16
39783,16
39784,16
39785,16
39786,16
39787,16
39788,16
39789,16
39790,16
39791,16
39792,16
39793,16
39794,16
39795,16
39796,16
39797,16
39798,16
39799,16
39800,16
39801,16
39802,16
39803,16
39804,16
39805,16
39806,16
39808,16
39809,16
39810,16
39811,16
39812,16
39813,16
39814,16
39815,16
39816,16
39817,16
39818,16
39819,16
39820,16
39821,16
39822,16
39823,16
39824,16
39825,16
39826,16
39827,16
39828,16
39829,16
39830,16
39831,16
39832,16
39833,16
39834,16
39835,16
39836,16
39837,16
39838,16
39839,16
39840,16
39841,16
39842,16
39843,16
39844,16
39845,16
39846,16
39847,16
39848,16
39849,16
39850,16
39851,16
39852,16
39853,16
39854,16
39855,16
39856,16
39857,16
39858,16
39859,16
39860,16
39861,16
39862,16
39863,16
39864,16
39865,16
39866,16
39867,16
39868,16
39869,16
39870,16
39871,16
39872,16
39873,16
39874,16
39875,16
39876,16
39877,16
39878,16
39879,16
39880,16
39881,16
39882,16
39883,16
39884,16
39885,16
39886,16
39887,16
39888,16
39889,16
39890,16
39891,16
39892,16
39893,16
39894,16
39895,16
39896,16
39897,16
39898,16
39899,16
39900,16
39901,16
39902,16
39903,16
39904,16
39905,16
39906,16
39907,16
39908,16
39909,16
39910,16
39911,16
39912,16
39913,16
39914,16
39915,16
39916,16
39917,16
39918,16
39919,16
39920,16
39921,16
39922,16
39923,16
39924,16
39925,16
39926,16
39927,16
39928,16
39929,16
39930,16
39931,16
39932,16
40000,16
40001,16
40002,16
40003,16
40004,16
40005,16
40006,16
40007,16
40008,16
40009,16
40010,16
40011,16
40012,16
40013,16
40014,16
40015,16
40016,16
40017,16
40018,16
40019,16
40020,16
40021,16
40022,16
40023,16
40024,16
40025,16
40026,16
40027,16
40028,16
40029,16
40030,16
40031,16
40032,16
40033,16
40034,16
40035,16
40036,16
40037,16
40038,16
40039,16
40040,16
40041,16
40042,16
40043,16
40044,16
40045,16
40046,16
40047,16
40048,16
40049,16
40050,16
40051,16
40052,16
40053,16
40054,16
40055,16
40056,16
40057,16
40058,16
40059,16
40060,16
40061,16
40062,16
40064,16
40065,16
40066,16
40067,16
40068,16
40069,16
40070,16
40071,16
40072,16
40073,16
40074,16
40075,16
40076,16
40077,16
40078,16
40079,16
40080,16
40081,16
40082,16
40083,16
40084,16
40085,16
40086,16
40087,16
40088,16
40089,16
40090,16
40091,16
40092,16
40093,16
40094,16
40095,16
40096,16
40097,16
40098,16
40099,16
40100,16
40101,16
40102,16
40103,16
40104,16
40105,16
40106,16
40107,16
40108,16
40109,16
40110,16
40111,16
40112,16
40113,16
40114,16
40115,16
40116,16
40117,16
40118,16
40119,16
40120,16
40121,16
40122,16
40123,16
40124,16
40125,16
40126,16
40127,16
40128,16
40129,16
40130,16
40131,16
40132,16
40133,16
40134,16
40135,16
40136,16
40137,16
40138,16
40139,16
40140,16
40141,16
40142,16
40143,16
40144,16
40145,16
40146,16
40147,16
40148,16
40149,16
40150,16
40151,16
40152,16
40153,16
40154,16
40155,16
40156,16
40157,16
40158,16
40159,16
40160,16
40161,16
40162,16
40163,16
40164,16
40165,16
40166,16
40167,16
40168,16
40169,16
40170,16
40171,16
40172,16
40173,16
40174,16
40175,16
40176,16
40177,16
40178,16
40179,16
40180,16
40181,16
40182,16
40183,16
40184,16
40185,16
40186,16
40187,16
40188,16
40256,16
40257,16
40258,16
40259,16
40260,16
40261,16
40262,16
40263,16
40264,16
40265,16
40266,16
40267,16
40268,16
40269,16
40270,16
40271,16
40272,16
40273,16
40274,16
40275,16
40276,16
40277,16
40278,16
40279,16
40280,16
40281,16
40282,16
40283,16
40284,16
40285,16
40286,16
40287,16
40288,16
40289,16
40290,16
40291,16
40292,16
40293,16
40294,16
40295,16
40296,16
40297,16
40298,16
40299,16
40300,16
40301,16
40302,16
40303,16
40304,16
40305,16
40306,16
40307,16
40308,16
40309,16
40310,16
40311,16
40312,16
40313,16
40314,16
40315,16
40316,16
40317,16
40318,16
40320,16
40321,16
40322,16
40323,16
40324,16
40325,16
40326,16
40327,16
40328,16
40329,16
40330,16
40331,16
40332,16
40333,16
40334,16
40335,16
40336,16
40337,16
40338,16
40339,16
40340,16
40341,16
40342,16
40343,16
40344,16
40345,16
40346,16
40347,16
40348,16
40349,16
40350,16
40351,16
40352,16
40353,16
40354,16
40355,16
40356,16
40357,16
40358,16
40359,16
40360,16
40361,16
40362,16
40363,16
40364,16
40365,16
40366,16
40367,16
40368,16
40369,16
40370,16
40371,16
40372,16
40373,16
40374,16
40375,16
40376,16
40377,16
40378,16
40379,16
40380,16
40381,16
40382,16
40383,16
40384,16
40385,16
40386,16
40387,16
40388,16
40389,16
40390,16
40391,16
40392,16
40393,16
40394,16
40395,16
40396,16
40397,16
40398,16
40399,16
40400,16
40401,16
40402,16
40403,16
40404,16
40405,16
40406,16
40407,16
40408,16
40409,16
40410,16
40411,16
40412,16
40413,16
40414,16
40415,16
40416,16
40417,16
40418,16
40419,16
40420,16
40421,16
40422,16
40423,16
40424,16
40425,16
40426,16
40427,16
40428,16
40429,16
40430,16
40431,16
40432,16
40433,16
40434,16
40435,16
40436,16
40437,16
40438,16
40439,16
40440,16
40441,16
40442,16
40443,16
40444,16
40512,16
40513,16
40514,16
40515,16
40516,16
40517,16
40518,16
40519,16
40520,16
40521,16
40522,16
40523,16
40524,16
40525,16
40526,16
40527,16
40528,16
40529,16
40530,16
40531,16
40532,16
40533,16
40534,16
40535,16
40536,16
40537,16
40538,16
40539,16
40540,16
40541,16
40542,16
40543,16
40544,16
40545,16
40546,16
40547,16
40548,16
40549,16
40550,16
40551,16
40552,16
40553,16
40554,16
40555,16
40556,16
40557,16
40558,16
40559,16
40560,16
40561,16
40562,16
40563,16
40564,16
40565,16
40566,16
40567,16
40568,16
40569,16
40570,16
40571,16
40572,16
40573,16
40574,16
40576,16
40577,16
40578,16
40579,16
40580,16
40581,16
40582,16
40583,16
40584,16
40585,16
40586,16
40587,16
40588,16
40589,16
40590,16
40591,16
40592,16
40593,16
40594,16
40595,16
40596,16
40597,16
40598,16
40599,16
40600,16
40601,16
40602,16
40603,16
40604,16
40605,16
40606,16
40607,16
40608,16
40609,16
40610,16
40611,16
40612,16
40613,16
40614,16
40615,16
40616,16
40617,16
40618,16
40619,16
40620,16
40621,16
40622,16
40623,16
40624,16
40625,16
40626,16
40627,16
40628,16
40629,16
40630,16
40631,16
40632,16
40633,16
40634,16
40635,16
40636,16
40637,16
40638,16
40639,16
40640,16
40641,16
40642,16
40643,16
40644,16
40645,16
40646,16
40647,16
40648,16
40649,16
40650,16
40651,16
40652,16
40653,16
40654,16
40655,16
40656,16
40657,16
40658,16
40659,16
40660,16
40661,16
40662,16
40663,16
40664,16
40665,16
40666,16
40667,16
40668,16
40669,16
40670,16
40671,16
40672,16
40673,16
40674,16
40675,16
40676,16
40677,16
40678,16
40679,16
40680,16
40681,16
40682,16
40683,16
40684,16
40685,16
40686,16
40687,16
40688,16
40689,16
40690,16
40691,16
40692,16
40693,16
40694,16
40695,16
40696,16
40697,16
40698,16
40699,16
40700,16
40768,16
40769,16
40770,16
40771,16
40772,16
40773,16
40774,16
40775,16
40776,16
40777,16
40778,16
40779,16
40780,16
40781,16
40782,16
40783,16
40784,16
40785,16
40786,16
40787,16
40788,16
40789,16
40790,16
40791,16
40792,16
40793,16
40794,16
40795,16
40796,16
40797,16
40798,16
40799,16
40800,16
40801,16
40802,16
40803,16
40804,16
40805,16
40806,16
40807,16
40808,16
40809,16
40810,16
40811,16
40812,16
40813,16
40814,16
40815,16
40816,16
40817,16
40818,16
40819,16
40820,16
40821,16
40822,16
40823,16
40824,16
40825,16
40826,16
40827,16
40828,16
40829,16
40830,16
40832,16
40833,16
40834,16
40835,16
40836,16
40837,16
40838,16
40839,16
40840,16
40841,16
40842,16
40843,16
40844,16
40845,16
40846,16
40847,16
40848,16
40849,16
40850,16
40851,16
40852,16
40853,16
40854,16
40855,16
40856,16
40857,16
40858,16
40859,16
40860,16
40861,16
40862,16
40863,16
40864,16
40865,16
40866,16
40867,16
40868,16
40869,16
40870,16
40871,16
40872,16
40873,16
40874,16
40875,16
40876,16
40877,16
40878,16
40879,16
40880,16
40881,16
40882,16
40883,16
40884,16
40885,16
40886,16
40887,16
40888,16
40889,16
40890,16
40891,16
40892,16
40893,16
40894,16
40895,16
40896,16
40897,16
40898,16
40899,16
40900,16
40901,16
40902,16
40903,16
40904,16
40905,16
40906,16
40907,16
40908,16
40909,16
40910,16
40911,16
40912,16
40913,16
40914,16
40915,16
40916,16
40917,16
40918,16
40919,16
40920,16
40921,16
40922,16
40923,16
40924,16
40925,16
40926,16
40927,16
40928,16
40929,16
40930,16
40931,16
40932,16
40933,16
40934,16
40935,16
40936,16
40937,16
40938,16
40939,16
40940,16
40941,16
40942,16
40943,16
40944,16
40945,16
40946,16
40947,16
40948,16
40949,16
40950,16
40951,16
40952,16
40953,16
40954,16
40955,16
40956,16
57408,16
57409,16
57410,16
57411,16
57412,16
57413,16
57414,16
57415,16
57416,16
57417,16
57418,16
57419,16
57420,16
57421,16
57422,16
57423,16
57424,16
57425,16
57426,16
57427,16
57428,16
57429,16
57430,16
57431,16
57432,16
57433,16
57434,16
57435,16
57436,16
57437,16
57438,16
57439,16
57440,16
57441,16
57442,16
57443,16
57444,16
57445,16
57446,16
57447,16
57448,16
57449,16
57450,16
57451,16
57452,16
57453,16
57454,16
57455,16
57456,16
57457,16
57458,16
57459,16
57460,16
57461,16
57462,16
57463,16
57464,16
57465,16
57466,16
57467,16
57468,16
57469,16
57470,16
57472,16
57473,16
57474,16
57475,16
57476,16
57477,16
57478,16
57479,16
57480,16
57481,16
57482,16
57483,16
57484,16
57485,16
57486,16
57487,16
57488,16
57489,16
57490,16
57491,16
57492,16
57493,16
57494,16
57495,16
57496,16
57497,16
57498,16
57499,16
57500,16
57501,16
57502,16
57503,16
57504,16
57505,16
57506,16
57507,16
57508,16
57509,16
57510,16
57511,16
57512,16
57513,16
57514,16
57515,16
57516,16
57517,16
57518,16
57519,16
57520,16
57521,16
57522,16
57523,16
57524,16
57525,16
57526,16
57527,16
57528,16
57529,16
57530,16
57531,16
57532,16
57533,16
57534,16
57535,16
57536,16
57537,16
57538,16
57539,16
57540,16
57541,16
57542,16
57543,16
57544,16
57545,16
57546,16
57547,16
57548,16
57549,16
57550,16
57551,16
57552,16
57553,16
57554,16
57555,16
57556,16
57557,16
57558,16
57559,16
57560,16
57561,16
57562,16
57563,16
57564,16
57565,16
57566,16
57567,16
57568,16
57569,16
57570,16
57571,16
57572,16
57573,16
57574,16
57575,16
57576,16
57577,16
57578,16
57579,16
57580,16
57581,16
57582,16
57583,16
57584,16
57585,16
57586,16
57587,16
57588,16
57589,16
57590,16
57591,16
57592,16
57593,16
57594,16
57595,16
57596,16
57664,16
57665,16
57666,16
57667,16
57668,16
57669,16
57670,16
57671,16
57672,16
57673,16
57674,16
57675,16
57676,16
57677,16
57678,16
57679,16
57680,16
57681,16
57682,16
57683,16
57684,16
57685,16
57686,16
57687,16
57688,16
57689,16
57690,16
57691,16
57692,16
57693,16
57694,16
57695,16
57696,16
57697,16
57698,16
57699,16
57700,16
57701,16
57702,16
57703,16
57704,16
57705,16
57706,16
57707,16
57708,16
57709,16
57710,16
57711,16
57712,16
57713,16
57714,16
57715,16
57716,16
57717,16
57718,16
57719,16
57720,16
57721,16
57722,16
57723,16
57724,16
57725,16
57726,16
57728,16
57729,16
57730,16
57731,16
57732,16
57733,16
57734,16
57735,16
57736,16
57737,16
57738,16
57739,16
57740,16
57741,16
57742,16
57743,16
57744,16
57745,16
57746,16
57747,16
57748,16
57749,16
57750,16
57751,16
57752,16
57753,16
57754,16
57755,16
57756,16
57757,16
57758,16
57759,16
57760,16
57761,16
57762,16
57763,16
57764,16
57765,16
57766,16
57767,16
57768,16
57769,16
57770,16
57771,16
57772,16
57773,16
57774,16
57775,16
57776,16
57777,16
57778,16
57779,16
57780,16
57781,16
57782,16
57783,16
57784,16
57785,16
57786,16
57787,16
57788,16
57789,16
57790,16
57791,16
57792,16
57793,16
57794,16
57795,16
57796,16
57797,16
57798,16
57799,16
57800,16
57801,16
57802,16
57803,16
57804,16
57805,16
57806,16
57807,16
57808,16
57809,16
57810,16
57811,16
57812,16
57813,16
57814,16
57815,16
57816,16
57817,16
57818,16
57819,16
57820,16
57821,16
57822,16
57823,16
57824,16
57825,16
57826,16
57827,16
57828,16
57829,16
57830,16
57831,16
57832,16
57833,16
57834,16
57835,16
57836,16
57837,16
57838,16
57839,16
57840,16
57841,16
57842,16
57843,16
57844,16
57845,16
57846,16
57847,16
57848,16
57849,16
57850,16
57851,16
57852,16
57920,16
57921,16
57922,16
57923,16
57924,16
57925,16
57926,16
57927,16
57928,16
57929,16
57930,16
57931,16
57932,16
57933,16
57934,16
57935,16
57936,16
57937,16
57938,16
57939,16
57940,16
57941,16
57942,16
57943,16
57944,16
57945,16
57946,16
57947,16
57948,16
57949,16
57950,16
57951,16
57952,16
57953,16
57954,16
57955,16
57956,16
57957,16
57958,16
57959,16
57960,16
57961,16
57962,16
57963,16
57964,16
57965,16
57966,16
57967,16
57968,16
57969,16
57970,16
57971,16
57972,16
57973,16
57974,16
57975,16
57976,16
57977,16
57978,16
57979,16
57980,16
57981,16
57982,16
57984,16
57985,16
57986,16
57987,16
57988,16
57989,16
57990,16
57991,16
57992,16
57993,16
57994,16
57995,16
57996,16
57997,16
57998,16
57999,16
58000,16
58001,16
58002,16
58003,16
58004,16
58005,16
58006,16
58007,16
58008,16
58009,16
58010,16
58011,16
58012,16
58013,16
58014,16
58015,16
58016,16
58017,16
58018,16
58019,16
58020,16
58021,16
58022,16
58023,16
58024,16
58025,16
58026,16
58027,16
58028,16
58029,16
58030,16
58031,16
58032,16
58033,16
58034,16
58035,16
58036,16
58037,16
58038,16
58039,16
58040,16
58041,16
58042,16
58043,16
58044,16
58045,16
58046,16
58047,16
58048,16
58049,16
58050,16
58051,16
58052,16
58053,16
58054,16
58055,16
58056,16
58057,16
58058,16
58059,16
58060,16
58061,16
58062,16
58063,16
58064,16
58065,16
58066,16
58067,16
58068,16
58069,16
58070,16
58071,16
58072,16
58073,16
58074,16
58075,16
58076,16
58077,16
58078,16
58079,16
58080,16
58081,16
58082,16
58083,16
58084,16
58085,16
58086,16
58087,16
58088,16
58089,16
58090,16
58091,16
58092,16
58093,16
58094,16
58095,16
58096,16
58097,16
58098,16
58099,16
58100,16
58101,16
58102,16
58103,16
58104,16
58105,16
58106,16
58107,16
58108,16
58176,16
58177,16
58178,16
58179,16
58180,16
58181,16
58182,16
58183,16
58184,16
58185,16
58186,16
58187,16
58188,16
58189,16
58190,16
58191,16
58192,16
58193,16
58194,16
58195,16
58196,16
58197,16
58198,16
58199,16
58200,16
58201,16
58202,16
58203,16
58204,16
58205,16
58206,16
58207,16
58208,16
58209,16
58210,16
58211,16
58212,16
58213,16
58214,16
58215,16
58216,16
58217,16
58218,16
58219,16
58220,16
58221,16
58222,16
58223,16
58224,16
58225,16
58226,16
58227,16
58228,16
58229,16
58230,16
58231,16
58232,16
58233,16
58234,16
58235,16
58236,16
58237,16
58238,16
58240,16
58241,16
58242,16
58243,16
58244,16
58245,16
58246,16
58247,16
58248,16
58249,16
58250,16
58251,16
58252,16
58253,16
58254,16
58255,16
58256,16
58257,16
58258,16
58259,16
58260,16
58261,16
58262,16
58263,16
58264,16
58265,16
58266,16
58267,16
58268,16
58269,16
58270,16
58271,16
58272,16
58273,16
58274,16
58275,16
58276,16
58277,16
58278,16
58279,16
58280,16
58281,16
58282,16
58283,16
58284,16
58285,16
58286,16
58287,16
58288,16
58289,16
58290,16
58291,16
58292,16
58293,16
58294,16
58295,16
58296,16
58297,16
58298,16
58299,16
58300,16
58301,16
58302,16
58303,16
58304,16
58305,16
58306,16
58307,16
58308,16
58309,16
58310,16
58311,16
58312,16
58313,16
58314,16
58315,16
58316,16
58317,16
58318,16
58319,16
58320,16
58321,16
58322,16
58323,16
58324,16
58325,16
58326,16
58327,16
58328,16
58329,16
58330,16
58331,16
58332,16
58333,16
58334,16
58335,16
58336,16
58337,16
58338,16
58339,16
58340,16
58341,16
58342,16
58343,16
58344,16
58345,16
58346,16
58347,16
58348,16
58349,16
58350,16
58351,16
58352,16
58353,16
58354,16
58355,16
58356,16
58357,16
58358,16
58359,16
58360,16
58361,16
58362,16
58363,16
58364,16
58432,16
58433,16
58434,16
58435,16
58436,16
58437,16
58438,16
58439,16
58440,16
58441,16
58442,16
58443,16
58444,16
58445,16
58446,16
58447,16
58448,16
58449,16
58450,16
58451,16
58452,16
58453,16
58454,16
58455,16
58456,16
58457,16
58458,16
58459,16
58460,16
58461,16
58462,16
58463,16
58464,16
58465,16
58466,16
58467,16
58468,16
58469,16
58470,16
58471,16
58472,16
58473,16
58474,16
58475,16
58476,16
58477,16
58478,16
58479,16
58480,16
58481,16
58482,16
58483,16
58484,16
58485,16
58486,16
58487,16
58488,16
58489,16
58490,16
58491,16
58492,16
58493,16
58494,16
58496,16
58497,16
58498,16
58499,16
58500,16
58501,16
58502,16
58503,16
58504,16
58505,16
58506,16
58507,16
58508,16
58509,16
58510,16
58511,16
58512,16
58513,16
58514,16
58515,16
58516,16
58517,16
58518,16
58519,16
58520,16
58521,16
58522,16
58523,16
58524,16
58525,16
58526,16
58527,16
58528,16
58529,16
58530,16
58531,16
58532,16
58533,16
58534,16
58535,16
58536,16
58537,16
58538,16
58539,16
58540,16
58541,16
58542,16
58543,16
58544,16
58545,16
58546,16
58547,16
58548,16
58549,16
58550,16
58551,16
58552,16
58553,16
58554,16
58555,16
58556,16
58557,16
58558,16
58559,16
58560,16
58561,16
58562,16
58563,16
58564,16
58565,16
58566,16
58567,16
58568,16
58569,16
58570,16
58571,16
58572,16
58573,16
58574,16
58575,16
58576,16
58577,16
58578,16
58579,16
58580,16
58581,16
58582,16
58583,16
58584,16
58585,16
58586,16
58587,16
58588,16
58589,16
58590,16
58591,16
58592,16
58593,16
58594,16
58595,16
58596,16
58597,16
58598,16
58599,16
58600,16
58601,16
58602,16
58603,16
58604,16
58605,16
58606,16
58607,16
58608,16
58609,16
58610,16
58611,16
58612,16
58613,16
58614,16
58615,16
58616,16
58617,16
58618,16
58619,16
58620,16
58688,16
58689,16
58690,16
58691,16
58692,16
58693,16
58694,16
58695,16
58696,16
58697,16
58698,16
58699,16
58700,16
58701,16
58702,16
58703,16
58704,16
58705,16
58706,16
58707,16
58708,16
58709,16
58710,16
58711,16
58712,16
58713,16
58714,16
58715,16
58716,16
58717,16
58718,16
58719,16
58720,16
58721,16
58722,16
58723,16
58724,16
58725,16
58726,16
58727,16
58728,16
58729,16
58730,16
58731,16
58732,16
58733,16
58734,16
58735,16
58736,16
58737,16
58738,16
58739,16
58740,16
58741,16
58742,16
58743,16
58744,16
58745,16
58746,16
58747,16
58748,16
58749,16
58750,16
58752,16
58753,16
58754,16
58755,16
58756,16
58757,16
58758,16
58759,16
58760,16
58761,16
58762,16
58763,16
58764,16
58765,16
58766,16
58767,16
58768,16
58769,16
58770,16
58771,16
58772,16
58773,16
58774,16
58775,16
58776,16
58777,16
58778,16
58779,16
58780,16
58781,16
58782,16
58783,16
58784,16
58785,16
58786,16
58787,16
58788,16
58789,16
58790,16
58791,16
58792,16
58793,16
58794,16
58795,16
58796,16
58797,16
58798,16
58799,16
58800,16
58801,16
58802,16
58803,16
58804,16
58805,16
58806,16
58807,16
58808,16
58809,16
58810,16
58811,16
58812,16
58813,16
58814,16
58815,16
58816,16
58817,16
58818,16
58819,16
58820,16
58821,16
58822,16
58823,16
58824,16
58825,16
58826,16
58827,16
58828,16
58829,16
58830,16
58831,16
58832,16
58833,16
58834,16
58835,16
58836,16
58837,16
58838,16
58839,16
58840,16
58841,16
58842,16
58843,16
58844,16
58845,16
58846,16
58847,16
58848,16
58849,16
58850,16
58851,16
58852,16
58853,16
58854,16
58855,16
58856,16
58857,16
58858,16
58859,16
58860,16
58861,16
58862,16
58863,16
58864,16
58865,16
58866,16
58867,16
58868,16
58869,16
58870,16
58871,16
58872,16
58873,16
58874,16
58875,16
58876,16
58944,16
58945,16
58946,16
58947,16
58948,16
58949,16
58950,16
58951,16
58952,16
58953,16
58954,16
58955,16
58956,16
58957,16
58958,16
58959,16
58960,16
58961,16
58962,16
58963,16
58964,16
58965,16
58966,16
58967,16
58968,16
58969,16
58970,16
58971,16
58972,16
58973,16
58974,16
58975,16
58976,16
58977,16
58978,16
58979,16
58980,16
58981,16
58982,16
58983,16
58984,16
58985,16
58986,16
58987,16
58988,16
58989,16
58990,16
58991,16
58992,16
58993,16
58994,16
58995,16
58996,16
58997,16
58998,16
58999,16
59000,16
59001,16
59002,16
59003,16
59004,16
59005,16
59006,16
59008,16
59009,16
59010,16
59011,16
59012,16
59013,16
59014,16
59015,16
59016,16
59017,16
59018,16
59019,16
59020,16
59021,16
59022,16
59023,16
59024,16
59025,16
59026,16
59027,16
59028,16
59029,16
59030,16
59031,16
59032,16
59033,16
59034,16
59035,16
59036,16
59037,16
59038,16
59039,16
59040,16
59041,16
59042,16
59043,16
59044,16
59045,16
59046,16
59047,16
59048,16
59049,16
59050,16
59051,16
59052,16
59053,16
59054,16
59055,16
59056,16
59057,16
59058,16
59059,16
59060,16
59061,16
59062,16
59063,16
59064,16
59065,16
59066,16
59067,16
59068,16
59069,16
59070,16
59071,16
59072,16
59073,16
59074,16
59075,16
59076,16
59077,16
59078,16
59079,16
59080,16
59081,16
59082,16
59083,16
59084,16
59085,16
59086,16
59087,16
59088,16
59089,16
59090,16
59091,16
59092,16
59093,16
59094,16
59095,16
59096,16
59097,16
59098,16
59099,16
59100,16
59101,16
59102,16
59103,16
59104,16
59105,16
59106,16
59107,16
59108,16
59109,16
59110,16
59111,16
59112,16
59113,16
59114,16
59115,16
59116,16
59117,16
59118,16
59119,16
59120,16
59121,16
59122,16
59123,16
59124,16
59125,16
59126,16
59127,16
59128,16
59129,16
59130,16
59131,16
59132,16
59200,16
59201,16
59202,16
59203,16
59204,16
59205,16
59206,16
59207,16
59208,16
59209,16
59210,16
59211,16
59212,16
59213,16
59214,16
59215,16
59216,16
59217,16
59218,16
59219,16
59220,16
59221,16
59222,16
59223,16
59224,16
59225,16
59226,16
59227,16
59228,16
59229,16
59230,16
59231,16
59232,16
59233,16
59234,16
59235,16
59236,16
59237,16
59238,16
59239,16
59240,16
59241,16
59242,16
59243,16
59244,16
59245,16
59246,16
59247,16
59248,16
59249,16
59250,16
59251,16
59252,16
59253,16
59254,16
59255,16
59256,16
59257,16
59258,16
59259,16
59260,16
59261,16
59262,16
59264,16
59265,16
59266,16
59267,16
59268,16
59269,16
59270,16
59271,16
59272,16
59273,16
59274,16
59275,16
59276,16
59277,16
59278,16
59279,16
59280,16
59281,16
59282,16
59283,16
59284,16
59285,16
59286,16
59287,16
59288,16
59289,16
59290,16
59291,16
59292,16
59293,16
59294,16
59295,16
59296,16
59297,16
59298,16
59299,16
59300,16
59301,16
59302,16
59303,16
59304,16
59305,16
59306,16
59307,16
59308,16
59309,16
59310,16
59311,16
59312,16
59313,16
59314,16
59315,16
59316,16
59317,16
59318,16
59319,16
59320,16
59321,16
59322,16
59323,16
59324,16
59325,16
59326,16
59327,16
59328,16
59329,16
59330,16
59331,16
59332,16
59333,16
59334,16
59335,16
59336,16
59337,16
59338,16
59339,16
59340,16
59341,16
59342,16
59343,16
59344,16
59345,16
59346,16
59347,16
59348,16
59349,16
59350,16
59351,16
59352,16
59353,16
59354,16
59355,16
59356,16
59357,16
59358,16
59359,16
59360,16
59361,16
59362,16
59363,16
59364,16
59365,16
59366,16
59367,16
59368,16
59369,16
59370,16
59371,16
59372,16
59373,16
59374,16
59375,16
59376,16
59377,16
59378,16
59379,16
59380,16
59381,16
59382,16
59383,16
59384,16
59385,16
59386,16
59387,16
59388,16
59456,16
59457,16
59458,16
59459,16
59460,16
59461,16
59462,16
59463,16
59464,16
59465,16
59466,16
59467,16
59468,16
59469,16
59470,16
59471,16
59472,16
59473,16
59474,16
59475,16
59476,16
59477,16
59478,16
59479,16
59480,16
59481,16
59482,16
59483,16
59484,16
59485,16
59486,16
59487,16
59488,16
59489,16
59490,16
59491,16
59492,16
59493,16
59494,16
59495,16
59496,16
59497,16
59498,16
59499,16
59500,16
59501,16
59502,16
59503,16
59504,16
59505,16
59506,16
59507,16
59508,16
59509,16
59510,16
59511,16
59512,16
59513,16
59514,16
59515,16
59516,16
59517,16
59518,16
59520,16
59521,16
59522,16
59523,16
59524,16
59525,16
59526,16
59527,16
59528,16
59529,16
59530,16
59531,16
59532,16
59533,16
59534,16
59535,16
59536,16
59537,16
59538,16
59539,16
59540,16
59541,16
59542,16
59543,16
59544,16
59545,16
59546,16
59547,16
59548,16
59549,16
59550,16
59551,16
59552,16
59553,16
59554,16
59555,16
59556,16
59557,16
59558,16
59559,16
59560,16
59561,16
59562,16
59563,16
59564,16
59565,16
59566,16
59567,16
59568,16
59569,16
59570,16
59571,16
59572,16
59573,16
59574,16
59575,16
59576,16
59577,16
59578,16
59579,16
59580,16
59581,16
59582,16
59583,16
59584,16
59585,16
59586,16
59587,16
59588,16
59589,16
59590,16
59591,16
59592,16
59593,16
59594,16
59595,16
59596,16
59597,16
59598,16
59599,16
59600,16
59601,16
59602,16
59603,16
59604,16
59605,16
59606,16
59607,16
59608,16
59609,16
59610,16
59611,16
59612,16
59613,16
59614,16
59615,16
59616,16
59617,16
59618,16
59619,16
59620,16
59621,16
59622,16
59623,16
59624,16
59625,16
59626,16
59627,16
59628,16
59629,16
59630,16
59631,16
59632,16
59633,16
59634,16
59635,16
59636,16
59637,16
59638,16
59639,16
59640,16
59641,16
59642,16
59643,16
59644,16
59712,16
59713,16
59714,16
59715,16
59716,16
59717,16
59718,16
59719,16
59720,16
59721,16
59722,16
59723,16
59724,16
59725,16
59726,16
59727,16
59728,16
59729,16
59730,16
59731,16
59732,16
59733,16
59734,16
59735,16
59736,16
59737,16
59738,16
59739,16
59740,16
59741,16
59742,16
59743,16
59744,16
59745,16
59746,16
59747,16
59748,16
59749,16
59750,16
59751,16
59752,16
59753,16
59754,16
59755,16
59756,16
59757,16
59758,16
59759,16
59760,16
59761,16
59762,16
59763,16
59764,16
59765,16
59766,16
59767,16
59768,16
59769,16
59770,16
59771,16
59772,16
59773,16
59774,16
59776,16
59777,16
59778,16
59779,16
59780,16
59781,16
59782,16
59783,16
59784,16
59785,16
59786,16
59787,16
59788,16
59789,16
59790,16
59791,16
59792,16
59793,16
59794,16
59795,16
59796,16
59797,16
59798,16
59799,16
59800,16
59801,16
59802,16
59803,16
59804,16
59805,16
59806,16
59807,16
59808,16
59809,16
59810,16
59811,16
59812,16
59813,16
59814,16
59815,16
59816,16
59817,16
59818,16
59819,16
59820,16
59821,16
59822,16
59823,16
59824,16
59825,16
59826,16
59827,16
59828,16
59829,16
59830,16
59831,16
59832,16
59833,16
59834,16
59835,16
59836,16
59837,16
59838,16
59839,16
59840,16
59841,16
59842,16
59843,16
59844,16
59845,16
59846,16
59847,16
59848,16
59849,16
59850,16
59851,16
59852,16
59853,16
59854,16
59855,16
59856,16
59857,16
59858,16
59859,16
59860,16
59861,16
59862,16
59863,16
59864,16
59865,16
59866,16
59867,16
59868,16
59869,16
59870,16
59871,16
59872,16
59873,16
59874,16
59875,16
59876,16
59877,16
59878,16
59879,16
59880,16
59881,16
59882,16
59883,16
59884,16
59885,16
59886,16
59887,16
59888,16
59889,16
59890,16
59891,16
59892,16
59893,16
59894,16
59895,16
59896,16
59897,16
59898,16
59899,16
59900,16
59968,16
59969,16
59970,16
59971,16
59972,16
59973,16
59974,16
59975,16
59976,16
59977,16
59978,16
59979,16
59980,16
59981,16
59982,16
59983,16
59984,16
59985,16
59986,16
59987,16
59988,16
59989,16
59990,16
59991,16
59992,16
59993,16
59994,16
59995,16
59996,16
59997,16
59998,16
59999,16
60000,16
60001,16
60002,16
60003,16
60004,16
60005,16
60006,16
60007,16
60008,16
60009,16
60010,16
60011,16
60012,16
60013,16
60014,16
60015,16
60016,16
60017,16
60018,16
60019,16
60020,16
60021,16
60022,16
60023,16
60024,16
60025,16
60026,16
60027,16
60028,16
60029,16
60030,16
60032,16
60033,16
60034,16
60035,16
60036,16
60037,16
60038,16
60039,16
60040,16
60041,16
60042,16
60043,16
60044,16
60045,16
60046,16
60047,16
60048,16
60049,16
60050,16
60051,16
60052,16
60053,16
60054,16
60055,16
60056,16
60057,16
60058,16
60059,16
60060,16
60061,16
60062,16
60063,16
60064,16
60065,16
60066,16
60067,16
60068,16
60069,8
60070,8
60071,8
60072,8
60073,8
60074,8
60075,8
60076,8
60077,8
60078,8
60079,8
60080,8
60081,8
60082,8
60083,8
60084,8
60085,8
60086,8
60087,8
60088,8
60089,8
60090,8
60091,8
60092,8
60093,8
60094,8
60095,8
60096,8
60097,8
60098,8
60099,8
60100,8
60101,8
60102,8
60103,8
60104,8
60105,8
60106,8
60107,8
60108,8
60109,8
60110,8
60111,8
60112,8
60113,8
60114,8
60115,8
60116,8
60117,8
60118,8
60119,8
60120,8
60121,8
60122,8
60123,8
60124,8
60125,8
60126,8
60127,8
60128,8
60129,8
60130,8
60131,8
60132,8
60133,8
60134,8
60135,8
60136,8
60137,8
60138,8
60139,8
60140,8
60141,8
60142,8
60143,8
60144,8
60145,8
60146,8
60147,8
60148,8
60149,8
60150,8
60151,8
60152,8
60153,8
60154,8
60155,8
60156,8
60224,8
60225,8
60226,8
60227,8
60228,8
60229,8
60230,8
60231,8
60232,8
60233,8
60234,8
60235,8
60236,8
60237,8
60238,8
60239,8
60240,8
60241,8
60242,8
60243,8
60244,8
60245,8
60246,8
60247,8
60248,8
60249,8
60250,8
60251,8
60252,8
60253,8
60254,8
60255,8
60256,8
60257,8
60258,8
60259,8
60260,8
60261,8
60262,8
60263,8
60264,8
60265,8
60266,8
60267,8
60268,8
60269,8
60270,8
60271,8
60272,8
60273,8
60274,8
60275,8
60276,8
60277,8
60278,8
60279,8
60280,8
60281,8
60282,8
60283,8
60284,8
60285,8
60286,8
60288,8
60289,8
60290,8
60291,8
60292,8
60293,8
60294,8
60295,8
60296,8
60297,8
60298,8
60299,8
60300,8
60301,8
60302,8
60303,8
60304,8
60305,8
60306,8
60307,8
60308,8
60309,8
60310,8
60311,8
60312,8
60313,8
60314,8
60315,8
60316,8
60317,8
60318,8
60319,8
60320,8
60321,8
60322,8
60323,8
60324,8
60325,8
60326,8
60327,8
60328,8
60329,8
60330,8
60331,8
60332,8
60333,8
60334,8
60335,8
60336,8
60337,8
60338,8
60339,8
60340,8
60341,8
60342,8
60343,8
60344,8
60345,8
60346,8
60347,8
60348,8
60349,8
60350,8
60351,8
60352,8
60353,8
60354,8
60355,8
60356,8
60357,8
60358,8
60359,8
60360,8
60361,8
60362,8
60363,8
60364,8
60365,8
60366,8
60367,8
60368,8
60369,8
60370,8
60371,8
60372,8
60373,8
60374,8
60375,8
60376,8
60377,8
60378,8
60379,8
60380,8
60381,8
60382,8
60383,8
60384,8
60385,8
60386,8
60387,8
60388,8
60389,8
60390,8
60391,8
60392,8
60393,8
60394,8
60395,8
60396,8
60397,8
60398,8
60399,8
60400,8
60401,8
60402,8
60403,8
60404,8
60405,8
60406,8
60407,8
60408,8
60409,8
60410,8
60411,8
60412,8
60480,8
60481,8
60482,8
60483,8
60484,8
60485,8
60486,8
60487,8
60488,8
60489,8
60490,8
60491,8
60492,8
60493,8
60494,8
60495,8
60496,8
60497,8
60498,8
60499,8
60500,8
60501,8
60502,8
60503,8
60504,8
60505,8
60506,8
60507,8
60508,8
60509,8
60510,8
60511,8
60512,8
60513,8
60514,8
60515,8
60516,8
60517,8
60518,8
60519,8
60520,8
60521,8
60522,8
60523,8
60524,8
60525,8
60526,8
60527,8
60528,8
60529,8
60530,8
60531,8
60532,8
60533,8
60534,8
60535,8
60536,8
60537,8
60538,8
60539,8
60540,8
60541,8
60542,8
60544,8
60545,8
60546,8
60547,8
60548,8
60549,8
60550,8
60551,8
60552,8
60553,8
60554,8
60555,8
60556,8
60557,8
60558,8
60559,8
60560,8
60561,8
60562,8
60563,8
60564,8
60565,8
60566,8
60567,8
60568,8
60569,8
60570,8
60571,8
60572,8
60573,8
60574,8
60575,8
60576,8
60577,8
60578,8
60579,8
60580,8
60581,8
60582,8
60583,8
60584,8
60585,8
60586,8
60587,8
60588,8
60589,8
60590,8
60591,8
60592,8
60593,8
60594,8
60595,8
60596,8
60597,8
60598,8
60599,8
60600,8
60601,8
60602,8
60603,8
60604,8
60605,8
60606,8
60607,8
60608,8
60609,8
60610,8
60611,8
60612,8
60613,8
60614,8
60615,8
60616,8
60617,8
60618,8
60619,8
60620,8
60621,8
60622,8
60623,8
60624,8
60625,8
60626,8
60627,8
60628,8
60629,8
60630,8
60631,8
60632,8
60633,8
60634,8
60635,8
60636,8
60637,8
60638,8
60639,8
60640,8
60641,8
60642,8
60643,8
60644,8
60645,8
60646,8
60647,8
60648,8
60649,8
60650,8
60651,8
60652,8
60653,8
60654,8
60655,8
60656,8
60657,8
60658,8
60659,8
60660,8
60661,8
60662,8
60663,8
60664,8
60665,8
60666,8
60667,8
60668,8
60736,16
60737,16
60738,16
60739,16
60740,16
60741,16
60742,16
60743,16
60744,16
60745,16
60746,16
60747,16
60748,16
60749,16
60750,16
60751,16
60752,16
60753,16
60754,16
60755,16
60756,16
60757,16
60758,16
60759,16
60760,16
60761,16
60762,16
60763,16
60764,16
60765,16
60766,16
60767,16
60768,16
60769,16
60770,16
60771,16
60772,16
60773,16
60774,16
60775,16
60776,16
60777,16
60778,16
60779,16
60780,16
60781,16
60782,16
60783,16
60784,16
60785,16
60786,16
60787,16
60788,16
60789,16
60790,16
60791,16
60792,16
60793,16
60794,16
60795,16
60796,16
60797,16
60798,16
60800,16
60801,16
60802,16
60803,16
60804,16
60805,16
60806,16
60807,16
60808,16
60809,16
60810,16
60811,16
60812,16
60813,16
60814,16
60815,16
60816,16
60817,16
60818,16
60819,16
60820,16
60821,16
60822,16
60823,16
60824,16
60825,16
60826,16
60827,16
60828,16
60829,16
60830,16
60831,16
60832,16
60833,16
60834,16
60835,16
60836,16
60837,16
60838,16
60839,16
60840,16
60841,16
60842,16
60843,16
60844,16
60845,16
60846,16
60847,16
60848,16
60849,16
60850,16
60851,16
60852,16
60853,16
60854,16
60855,16
60856,16
60857,16
60858,16
60859,16
60860,16
60861,16
60862,16
60863,16
60864,16
60865,16
60866,16
60867,16
60868,16
60869,16
60870,16
60871,16
60872,16
60873,16
60874,16
60875,16
60876,16
60877,16
60878,16
60879,16
60880,16
60881,16
60882,16
60883,16
60884,16
60885,16
60886,16
60887,16
60888,16
60889,16
60890,16
60891,16
60892,16
60893,16
60894,16
60895,16
60896,16
60897,16
60898,16
60899,16
60900,16
60901,16
60902,16
60903,16
60904,16
60905,16
60906,16
60907,16
60908,16
60909,16
60910,16
60911,16
60912,16
60913,16
60914,16
60915,16
60916,16
60917,16
60918,16
60919,16
60920,16
60921,16
60922,16
60923,16
60924,16
60992,16
60993,16
60994,16
60995,16
60996,16
60997,16
60998,16
60999,16
61000,16
61001,16
61002,16
61003,16
61004,16
61005,16
61006,16
61007,16
61008,16
61009,16
61010,16
61011,16
61012,16
61013,16
61014,16
61015,16
61016,16
61017,16
61018,16
61019,16
61020,16
61021,16
61022,16
61023,16
61024,16
61025,16
61026,16
61027,16
61028,16
61029,16
61030,16
61031,16
61032,16
61033,16
61034,16
61035,16
61036,16
61037,16
61038,16
61039,16
61040,16
61041,16
61042,16
61043,16
61044,16
61045,16
61046,16
61047,16
61048,16
61049,16
61050,16
61051,16
61052,16
61053,16
61054,16
61056,16
61057,16
61058,16
61059,16
61060,16
61061,16
61062,16
61063,16
61064,16
61065,16
61066,16
61067,16
61068,16
61069,16
61070,16
61071,16
61072,16
61073,16
61074,16
61075,16
61076,16
61077,16
61078,16
61079,16
61080,16
61081,16
61082,16
61083,16
61084,16
61085,16
61086,16
61087,16
61088,16
61089,16
61090,16
61091,16
61092,16
61093,16
61094,16
61095,16
61096,16
61097,16
61098,16
61099,16
61100,16
61101,16
61102,16
61103,16
61104,16
61105,16
61106,16
61107,16
61108,16
61109,16
61110,16
61111,16
61112,16
61113,16
61114,16
61115,16
61116,16
61117,16
61118,16
61119,16
61120,16
61121,16
61122,16
61123,16
61124,16
61125,16
61126,16
61127,16
61128,16
61129,16
61130,16
61131,16
61132,16
61133,16
61134,16
61135,16
61136,16
61137,16
61138,16
61139,16
61140,16
61141,16
61142,16
61143,16
61144,16
61145,16
61146,16
61147,16
61148,16
61149,16
61150,16
61151,16
61152,16
61153,16
61154,16
61155,16
61156,16
61157,16
61158,16
61159,16
61160,16
61161,16
61162,16
61163,16
61164,16
61165,8
61166,8
61167,16
61168,16
61169,16
61170,16
61171,16
61172,16
61173,16
61174,16
61175,16
61176,16
61177,16
61178,16
61179,16
61180,16
61248,8
61249,8
61250,8
61251,8
61252,8
61253,8
61254,8
61255,8
61256,8
61257,8
61258,8
61259,8
61260,8
61261,8
61262,8
61263,8
61264,8
61265,8
61266,8
61267,8
61268,8
61269,8
61270,8
61271,8
61272,8
61273,8
61274,8
61275,8
61276,8
61277,8
61278,8
61279,8
61280,8
61281,8
61282,8
61283,8
61284,8
61285,8
61286,8
61287,8
61288,8
61289,8
61290,8
61291,8
61292,8
61293,8
61294,8
61295,8
61296,8
61297,8
61298,8
61299,8
61300,8
61301,8
61302,8
61303,8
61304,8
61305,8
61306,8
61307,8
61308,8
61309,8
61310,8
61312,8
61313,8
61314,8
61315,8
61316,8
61317,8
61318,8
61319,8
61320,8
61321,8
61322,8
61323,8
61324,8
61325,8
61326,8
61327,8
61328,8
61329,8
61330,8
61331,8
61332,8
61333,8
61334,8
61335,8
61336,8
61337,8
61338,8
61339,8
61340,8
61341,8
61342,8
61343,8
61344,8
61345,8
61346,8
61347,8
61348,8
61349,8
61350,8
61351,8
61352,8
61353,8
61354,8
61355,8
61356,8
61357,8
61358,8
61359,8
61360,8
61361,8
61362,8
61363,8
61364,8
61365,8
61366,8
61367,8
61368,8
61369,8
61370,8
61371,8
61372,8
61373,8
61374,8
61375,8
61376,8
61377,8
61378,8
61379,8
61380,8
61381,8
61382,8
61383,8
61384,8
61385,8
61386,8
61387,8
61388,8
61389,8
61390,8
61391,8
61392,8
61393,8
61394,8
61395,8
61396,8
61397,8
61398,8
61399,8
61400,8
61401,8
61402,8
61403,8
61404,8
61405,8
61406,8
61407,8
61408,8
61409,8
61410,8
61411,8
61412,8
61413,8
61414,8
61415,8
61416,8
61417,8
61418,8
61419,8
61420,8
61421,8
61422,8
61423,8
61424,8
61425,8
61426,8
61427,8
61428,8
61429,8
61430,8
61431,8
61432,8
61433,8
61434,8
61435,8
61436,8
